# runs cumulative_reorders
1000 38
2000 65
3000 90
4000 118
5000 149
6000 180
7000 205
8000 233
9000 266
10000 291
11000 326
12000 363
13000 406
14000 439
15000 464
16000 492
17000 526
18000 548
19000 575
20000 598
21000 624
22000 643
23000 664
24000 682
25000 710
26000 733
27000 757
28000 777
29000 794
30000 815
31000 827
32000 855
33000 883
34000 905
35000 922
36000 951
37000 972
38000 991
39000 1020
40000 1036
41000 1071
42000 1089
43000 1104
44000 1127
45000 1156
46000 1183
47000 1219
48000 1237
49000 1262
50000 1284
51000 1318
52000 1344
53000 1373
54000 1391
55000 1412
56000 1442
57000 1485
58000 1516
59000 1541
60000 1561
61000 1591
62000 1630
63000 1664
64000 1704
65000 1732
66000 1756
67000 1775
68000 1808
69000 1830
70000 1853
71000 1882
72000 1917
73000 1951
74000 1982
75000 2011
76000 2030
77000 2055
78000 2092
79000 2121
80000 2147
81000 2171
82000 2199
83000 2215
84000 2241
85000 2266
86000 2285
87000 2319
88000 2338
89000 2367
90000 2399
91000 2422
92000 2444
93000 2469
94000 2496
95000 2512
96000 2526
97000 2551
98000 2581
99000 2597
100000 2631
101000 2666
102000 2696
103000 2724
104000 2751
105000 2776
106000 2806
107000 2832
108000 2856
109000 2886
110000 2910
111000 2940
112000 2968
113000 2989
114000 3009
115000 3038
116000 3066
117000 3083
118000 3105
119000 3130
120000 3153
121000 3176
122000 3196
123000 3230
124000 3247
125000 3269
126000 3293
127000 3321
128000 3350
129000 3381
130000 3400
131000 3424
132000 3445
133000 3460
134000 3480
135000 3504
136000 3526
137000 3566
138000 3605
139000 3632
140000 3657
141000 3687
142000 3729
143000 3762
144000 3795
145000 3824
146000 3864
147000 3901
148000 3928
149000 3960
150000 4001
151000 4037
152000 4065
153000 4102
154000 4132
155000 4157
156000 4201
157000 4222
158000 4253
159000 4272
160000 4293
161000 4319
162000 4342
163000 4377
164000 4405
165000 4430
166000 4448
167000 4469
168000 4503
169000 4524
170000 4542
171000 4560
172000 4596
173000 4623
174000 4653
175000 4697
176000 4724
177000 4755
178000 4788
179000 4827
180000 4858
181000 4886
182000 4927
183000 4956
184000 4989
185000 5013
186000 5042
187000 5057
188000 5081
189000 5104
190000 5124
191000 5154
192000 5179
193000 5208
194000 5228
195000 5244
196000 5258
197000 5280
198000 5299
199000 5320
200000 5364
201000 5403
202000 5421
203000 5442
204000 5455
205000 5477
206000 5499
207000 5525
208000 5545
209000 5572
210000 5585
211000 5618
212000 5638
213000 5666
214000 5689
215000 5705
216000 5743
217000 5768
218000 5797
219000 5816
220000 5838
221000 5860
222000 5886
223000 5906
224000 5930
225000 5957
226000 5980
227000 6014
228000 6043
229000 6076
230000 6100
231000 6126
232000 6149
233000 6171
234000 6197
235000 6228
236000 6243
237000 6268
238000 6293
239000 6313
240000 6338
241000 6363
242000 6395
243000 6418
244000 6440
245000 6458
246000 6492
247000 6535
248000 6555
249000 6591
250000 6624
251000 6669
252000 6713
253000 6741
254000 6781
255000 6813
256000 6850
257000 6873
258000 6902
259000 6930
260000 6953
261000 6969
262000 6995
263000 7028
264000 7053
265000 7074
266000 7099
267000 7122
268000 7148
269000 7180
270000 7203
271000 7240
272000 7261
273000 7287
274000 7307
275000 7328
276000 7356
277000 7379
278000 7404
279000 7422
280000 7439
281000 7453
282000 7472
283000 7488
284000 7512
285000 7533
286000 7556
287000 7577
288000 7596
289000 7624
290000 7662
291000 7691
292000 7727
293000 7757
294000 7786
295000 7807
296000 7838
297000 7870
298000 7900
299000 7941
300000 7967
301000 7987
302000 8013
303000 8041
304000 8072
305000 8099
306000 8129
307000 8152
308000 8178
309000 8201
310000 8218
311000 8243
312000 8262
313000 8285
314000 8311
315000 8336
316000 8370
317000 8389
318000 8418
319000 8451
320000 8475
321000 8499
322000 8517
323000 8538
324000 8559
325000 8584
326000 8607
327000 8642
328000 8666
329000 8691
330000 8706
331000 8731
332000 8764
333000 8784
334000 8813
335000 8843
336000 8862
337000 8897
338000 8916
339000 8937
340000 8962
341000 8987
342000 9017
343000 9041
344000 9066
345000 9089
346000 9123
347000 9146
348000 9165
349000 9177
350000 9214
351000 9250
352000 9280
353000 9306
354000 9342
355000 9367
356000 9399
357000 9431
358000 9461
359000 9496
360000 9532
361000 9572
362000 9595
363000 9632
364000 9662
365000 9700
366000 9724
367000 9744
368000 9766
369000 9788
370000 9812
371000 9839
372000 9862
373000 9878
374000 9894
375000 9912
376000 9936
377000 9958
378000 9986
379000 10012
380000 10040
381000 10070
382000 10092
383000 10116
384000 10149
385000 10168
386000 10194
387000 10225
388000 10245
389000 10273
390000 10305
391000 10326
392000 10349
393000 10381
394000 10412
395000 10429
396000 10455
397000 10478
398000 10508
399000 10533
400000 10553
401000 10572
402000 10601
403000 10616
404000 10627
405000 10644
406000 10670
407000 10694
408000 10716
409000 10730
410000 10760
411000 10801
412000 10828
413000 10855
414000 10886
415000 10919
416000 10942
417000 10979
418000 11007
419000 11040
420000 11069
421000 11099
422000 11126
423000 11156
424000 11197
425000 11230
426000 11262
427000 11288
428000 11308
429000 11329
430000 11353
431000 11380
432000 11404
433000 11421
434000 11451
435000 11485
436000 11513
437000 11528
438000 11546
439000 11568
440000 11583
441000 11618
442000 11639
443000 11657
444000 11677
445000 11700
446000 11725
447000 11757
448000 11776
449000 11805
450000 11821
451000 11841
452000 11856
453000 11878
454000 11897
455000 11923
456000 11971
457000 11995
458000 12028
459000 12066
460000 12111
461000 12154
462000 12180
463000 12209
464000 12241
465000 12259
466000 12298
467000 12324
468000 12342
469000 12368
470000 12406
471000 12438
472000 12469
473000 12489
474000 12509
475000 12530
476000 12567
477000 12590
478000 12619
479000 12656
480000 12679
481000 12715
482000 12739
483000 12762
484000 12786
485000 12813
486000 12839
487000 12861
488000 12878
489000 12896
490000 12914
491000 12929
492000 12946
493000 12963
494000 12986
495000 13013
496000 13035
497000 13052
498000 13068
499000 13092
500000 13115
501000 13139
502000 13186
503000 13219
504000 13248
505000 13288
506000 13336
507000 13370
508000 13407
509000 13435
510000 13467
511000 13503
512000 13538
513000 13566
514000 13593
515000 13624
516000 13658
517000 13703
518000 13740
519000 13772
520000 13795
521000 13815
522000 13844
523000 13871
524000 13900
525000 13933
526000 13970
527000 13990
528000 14013
529000 14043
530000 14076
531000 14107
532000 14128
533000 14155
534000 14170
535000 14189
536000 14220
537000 14234
538000 14256
539000 14283
540000 14313
541000 14329
542000 14347
543000 14370
544000 14391
545000 14419
546000 14443
547000 14461
548000 14476
549000 14495
550000 14518
551000 14545
552000 14564
553000 14588
554000 14597
555000 14616
556000 14633
557000 14649
558000 14678
559000 14699
560000 14714
561000 14726
562000 14746
563000 14766
564000 14788
565000 14809
566000 14820
567000 14845
568000 14865
569000 14879
570000 14905
571000 14926
572000 14954
573000 14975
574000 15001
575000 15023
576000 15053
577000 15083
578000 15105
579000 15134
580000 15164
581000 15199
582000 15220
583000 15249
584000 15286
585000 15316
586000 15351
587000 15379
588000 15406
589000 15428
590000 15449
591000 15493
592000 15522
593000 15564
594000 15595
595000 15623
596000 15640
597000 15656
598000 15672
599000 15689
600000 15708
601000 15722
602000 15736
603000 15758
604000 15773
605000 15797
606000 15822
607000 15846
608000 15869
609000 15892
610000 15912
611000 15936
612000 15957
613000 15975
614000 16004
615000 16029
616000 16045
617000 16058
618000 16086
619000 16107
620000 16124
621000 16138
622000 16148
623000 16158
624000 16165
625000 16178
626000 16186
627000 16196
628000 16208
629000 16223
630000 16231
631000 16241
632000 16255
633000 16263
634000 16275
635000 16290
636000 16308
637000 16342
638000 16365
639000 16391
640000 16413
641000 16428
642000 16443
643000 16460
644000 16484
645000 16504
646000 16535
647000 16553
648000 16566
649000 16587
650000 16614
651000 16633
652000 16652
653000 16680
654000 16701
655000 16725
656000 16748
657000 16776
658000 16799
659000 16815
660000 16835
661000 16860
662000 16884
663000 16907
664000 16932
665000 16956
666000 16987
667000 17021
668000 17039
669000 17054
670000 17081
671000 17101
672000 17122
673000 17148
674000 17174
675000 17199
676000 17217
677000 17247
678000 17276
679000 17306
680000 17331
681000 17351
682000 17379
683000 17398
684000 17430
685000 17453
686000 17475
687000 17498
688000 17516
689000 17535
690000 17556
691000 17580
692000 17598
693000 17619
694000 17633
695000 17655
696000 17683
697000 17710
698000 17729
699000 17754
700000 17771
701000 17803
702000 17836
703000 17854
704000 17882
705000 17906
706000 17935
707000 17951
708000 17980
709000 18005
710000 18027
711000 18047
712000 18066
713000 18082
714000 18109
715000 18129
716000 18154
717000 18179
718000 18202
719000 18237
720000 18260
721000 18281
722000 18300
723000 18314
724000 18339
725000 18364
726000 18384
727000 18408
728000 18428
729000 18457
730000 18481
731000 18507
732000 18524
733000 18548
734000 18565
735000 18587
736000 18612
737000 18626
738000 18655
739000 18672
740000 18697
741000 18719
742000 18748
743000 18773
744000 18794
745000 18823
746000 18846
747000 18872
748000 18898
749000 18922
750000 18947
751000 18972
752000 18999
753000 19035
754000 19054
755000 19076
756000 19098
757000 19120
758000 19145
759000 19168
760000 19191
761000 19216
762000 19237
763000 19255
764000 19279
765000 19300
766000 19320
767000 19343
768000 19375
769000 19396
770000 19422
771000 19443
772000 19468
773000 19501
774000 19528
775000 19551
776000 19582
777000 19608
778000 19625
779000 19650
780000 19681
781000 19708
782000 19736
783000 19756
784000 19779
785000 19805
786000 19845
787000 19873
788000 19902
789000 19915
790000 19937
791000 19979
792000 20004
793000 20026
794000 20051
795000 20077
796000 20096
797000 20129
798000 20158
799000 20186
800000 20215
801000 20237
802000 20260
803000 20281
804000 20299
805000 20331
806000 20356
807000 20378
808000 20408
809000 20434
810000 20453
811000 20470
812000 20500
813000 20537
814000 20567
815000 20595
816000 20622
817000 20654
818000 20670
819000 20692
820000 20710
821000 20730
822000 20754
823000 20776
824000 20798
825000 20821
826000 20858
827000 20875
828000 20894
829000 20925
830000 20942
831000 20978
832000 21002
833000 21025
834000 21055
835000 21089
836000 21112
837000 21145
838000 21175
839000 21217
840000 21246
841000 21284
842000 21322
843000 21349
844000 21386
845000 21412
846000 21446
847000 21479
848000 21510
849000 21549
850000 21583
851000 21621
852000 21656
853000 21682
854000 21722
855000 21761
856000 21787
857000 21814
858000 21850
859000 21879
860000 21918
861000 21959
862000 21988
863000 22022
864000 22062
865000 22094
866000 22128
867000 22166
868000 22196
869000 22231
870000 22271
871000 22302
872000 22339
873000 22377
874000 22402
875000 22426
876000 22456
877000 22510
878000 22540
879000 22572
880000 22599
881000 22636
882000 22672
883000 22710
884000 22750
885000 22784
886000 22815
887000 22852
888000 22877
889000 22906
890000 22928
891000 22961
892000 22984
893000 23019
894000 23050
895000 23097
896000 23132
897000 23166
898000 23211
899000 23245
900000 23279
901000 23302
902000 23336
903000 23369
904000 23402
905000 23437
906000 23467
907000 23489
908000 23522
909000 23551
910000 23581
911000 23616
912000 23644
913000 23665
914000 23692
915000 23725
916000 23751
917000 23775
918000 23796
919000 23816
920000 23837
921000 23854
922000 23879
923000 23908
924000 23926
925000 23949
926000 23983
927000 24010
928000 24032
929000 24056
930000 24089
931000 24126
932000 24151
933000 24185
934000 24214
935000 24254
936000 24278
937000 24316
938000 24338
939000 24363
940000 24392
941000 24415
942000 24441
943000 24476
944000 24505
945000 24527
946000 24562
947000 24577
948000 24598
949000 24628
950000 24656
951000 24676
952000 24699
953000 24720
954000 24739
955000 24759
956000 24779
957000 24792
958000 24825
959000 24846
960000 24864
961000 24885
962000 24909
963000 24933
964000 24960
965000 24987
966000 25017
967000 25039
968000 25066
969000 25091
970000 25109
971000 25127
972000 25148
973000 25171
974000 25191
975000 25221
976000 25252
977000 25279
978000 25302
979000 25331
980000 25350
981000 25378
982000 25398
983000 25418
984000 25442
985000 25473
986000 25487
987000 25511
988000 25535
989000 25558
990000 25575
991000 25601
992000 25618
993000 25638
994000 25660
995000 25697
996000 25735
997000 25759
998000 25785
999000 25801
1000000 25819
1001000 25833
1002000 25862
1003000 25887
1004000 25913
1005000 25945
1006000 25970
1007000 26000
1008000 26023
1009000 26044
1010000 26067
1011000 26092
1012000 26123
1013000 26155
1014000 26188
1015000 26198
1016000 26225
1017000 26261
1018000 26285
1019000 26302
1020000 26327
1021000 26349
1022000 26368
1023000 26397
1024000 26424
1025000 26445
1026000 26478
1027000 26509
1028000 26537
1029000 26566
1030000 26612
1031000 26641
1032000 26674
1033000 26704
1034000 26738
1035000 26775
1036000 26811
1037000 26847
1038000 26887
1039000 26915
1040000 26972
1041000 27012
1042000 27055
1043000 27090
1044000 27124
1045000 27154
1046000 27184
1047000 27219
1048000 27243
1049000 27271
1050000 27310
1051000 27348
1052000 27375
1053000 27396
1054000 27420
1055000 27442
1056000 27471
1057000 27485
1058000 27510
1059000 27538
1060000 27569
1061000 27592
1062000 27616
1063000 27650
1064000 27673
1065000 27698
1066000 27723
1067000 27739
1068000 27768
1069000 27800
1070000 27823
1071000 27844
1072000 27870
1073000 27889
1074000 27912
1075000 27931
1076000 27960
1077000 27985
1078000 28003
1079000 28029
1080000 28053
1081000 28076
1082000 28102
1083000 28110
1084000 28125
1085000 28146
1086000 28158
1087000 28172
1088000 28196
1089000 28216
1090000 28242
1091000 28271
1092000 28293
1093000 28319
1094000 28348
1095000 28377
1096000 28391
1097000 28425
1098000 28438
1099000 28466
1100000 28489
1101000 28519
1102000 28540
1103000 28567
1104000 28600
1105000 28625
1106000 28652
1107000 28674
1108000 28690
1109000 28716
1110000 28735
1111000 28758
1112000 28781
1113000 28804
1114000 28821
1115000 28839
1116000 28857
1117000 28880
1118000 28897
1119000 28911
1120000 28928
1121000 28951
1122000 28973
1123000 28995
1124000 29021
1125000 29035
1126000 29045
1127000 29070
1128000 29097
1129000 29131
1130000 29156
1131000 29193
1132000 29220
1133000 29239
1134000 29260
1135000 29282
1136000 29301
1137000 29330
1138000 29359
1139000 29395
1140000 29413
1141000 29440
1142000 29462
1143000 29492
1144000 29511
1145000 29525
1146000 29541
1147000 29565
1148000 29585
1149000 29603
1150000 29630
1151000 29655
1152000 29685
1153000 29709
1154000 29730
1155000 29752
1156000 29777
1157000 29799
1158000 29828
1159000 29860
1160000 29893
1161000 29920
1162000 29946
1163000 29980
1164000 29995
1165000 30025
1166000 30052
1167000 30075
1168000 30099
1169000 30121
1170000 30150
1171000 30176
1172000 30205
1173000 30245
1174000 30278
1175000 30310
1176000 30341
1177000 30381
1178000 30415
1179000 30457
1180000 30492
1181000 30516
1182000 30552
1183000 30584
1184000 30619
1185000 30650
1186000 30676
1187000 30703
1188000 30729
1189000 30760
1190000 30779
1191000 30800
1192000 30815
1193000 30839
1194000 30859
1195000 30891
1196000 30911
1197000 30935
1198000 30957
1199000 30982
1200000 31003
1201000 31020
1202000 31046
1203000 31076
1204000 31095
1205000 31118
1206000 31140
1207000 31158
1208000 31177
1209000 31198
1210000 31225
1211000 31245
1212000 31264
1213000 31289
1214000 31310
1215000 31345
1216000 31362
1217000 31386
1218000 31398
1219000 31415
1220000 31437
1221000 31457
1222000 31480
1223000 31497
1224000 31534
1225000 31566
1226000 31594
1227000 31622
1228000 31651
1229000 31684
1230000 31717
1231000 31752
1232000 31783
1233000 31798
1234000 31818
1235000 31837
1236000 31854
1237000 31880
1238000 31903
1239000 31918
1240000 31948
1241000 31968
1242000 31989
1243000 32008
1244000 32022
1245000 32045
1246000 32067
1247000 32087
1248000 32112
1249000 32129
1250000 32142
1251000 32163
1252000 32175
1253000 32202
1254000 32219
1255000 32236
1256000 32259
1257000 32277
1258000 32296
1259000 32320
1260000 32330
1261000 32345
1262000 32367
1263000 32386
1264000 32415
1265000 32436
1266000 32459
1267000 32482
1268000 32509
1269000 32528
1270000 32555
1271000 32577
1272000 32592
1273000 32621
1274000 32639
1275000 32669
1276000 32695
1277000 32726
1278000 32760
1279000 32796
1280000 32834
1281000 32861
1282000 32884
1283000 32915
1284000 32947
1285000 32972
1286000 33001
1287000 33042
1288000 33072
1289000 33102
1290000 33130
1291000 33162
1292000 33182
1293000 33202
1294000 33223
1295000 33243
1296000 33262
1297000 33280
1298000 33304
1299000 33324
1300000 33353
1301000 33381
1302000 33405
1303000 33421
1304000 33435
1305000 33457
1306000 33486
1307000 33501
1308000 33520
1309000 33543
1310000 33566
1311000 33590
1312000 33619
1313000 33635
1314000 33659
1315000 33684
1316000 33712
1317000 33735
1318000 33754
1319000 33775
1320000 33794
1321000 33825
1322000 33867
1323000 33903
1324000 33936
1325000 33960
1326000 33994
1327000 34027
1328000 34063
1329000 34095
1330000 34120
1331000 34153
1332000 34176
1333000 34209
1334000 34242
1335000 34272
1336000 34298
1337000 34325
1338000 34348
1339000 34366
1340000 34391
1341000 34416
1342000 34434
1343000 34462
1344000 34499
1345000 34519
1346000 34552
1347000 34582
1348000 34601
1349000 34626
1350000 34644
1351000 34663
1352000 34685
1353000 34710
1354000 34728
1355000 34758
1356000 34781
1357000 34806
1358000 34826
1359000 34856
1360000 34878
1361000 34896
1362000 34912
1363000 34931
1364000 34941
1365000 34963
1366000 34990
1367000 35030
1368000 35053
1369000 35077
1370000 35094
1371000 35120
1372000 35158
1373000 35179
1374000 35211
1375000 35237
1376000 35266
1377000 35298
1378000 35333
1379000 35356
1380000 35381
1381000 35412
1382000 35443
1383000 35476
1384000 35496
1385000 35528
1386000 35564
1387000 35589
1388000 35610
1389000 35637
1390000 35670
1391000 35692
1392000 35715
1393000 35732
1394000 35765
1395000 35797
1396000 35829
1397000 35865
1398000 35901
1399000 35943
1400000 35975
1401000 35996
1402000 36050
1403000 36081
1404000 36114
1405000 36142
1406000 36172
1407000 36204
1408000 36236
1409000 36279
1410000 36306
1411000 36346
1412000 36383
1413000 36402
1414000 36426
1415000 36454
1416000 36484
1417000 36517
1418000 36530
1419000 36558
1420000 36575
1421000 36592
1422000 36613
1423000 36639
1424000 36668
1425000 36702
1426000 36726
1427000 36754
1428000 36773
1429000 36818
1430000 36837
1431000 36870
1432000 36902
1433000 36929
1434000 36965
1435000 36996
1436000 37017
1437000 37042
1438000 37076
1439000 37114
1440000 37146
1441000 37177
1442000 37219
1443000 37244
1444000 37275
1445000 37308
1446000 37341
1447000 37371
1448000 37401
1449000 37433
1450000 37456
1451000 37483
1452000 37507
1453000 37532
1454000 37553
1455000 37578
1456000 37599
1457000 37618
1458000 37644
1459000 37667
1460000 37689
1461000 37716
1462000 37744
1463000 37765
1464000 37798
1465000 37825
1466000 37846
1467000 37885
1468000 37911
1469000 37947
1470000 37980
1471000 38009
1472000 38041
1473000 38077
1474000 38106
1475000 38147
1476000 38177
1477000 38204
1478000 38244
1479000 38278
1480000 38308
1481000 38346
1482000 38388
1483000 38432
1484000 38465
1485000 38495
1486000 38533
1487000 38568
1488000 38601
1489000 38628
1490000 38669
1491000 38701
1492000 38734
1493000 38763
1494000 38797
1495000 38821
1496000 38846
1497000 38880
1498000 38903
1499000 38932
1500000 38955
1501000 38990
1502000 39012
1503000 39038
1504000 39071
1505000 39096
1506000 39117
1507000 39139
1508000 39165
1509000 39189
1510000 39214
1511000 39239
1512000 39266
1513000 39293
1514000 39321
1515000 39357
1516000 39406
1517000 39431
1518000 39469
1519000 39489
1520000 39512
1521000 39526
1522000 39546
1523000 39576
1524000 39609
1525000 39639
1526000 39667
1527000 39690
1528000 39713
1529000 39745
1530000 39768
1531000 39808
1532000 39850
1533000 39891
1534000 39916
1535000 39940
1536000 39960
1537000 39992
1538000 40020
1539000 40035
1540000 40059
1541000 40086
1542000 40106
1543000 40133
1544000 40170
1545000 40198
1546000 40224
1547000 40244
1548000 40261
1549000 40285
1550000 40304
1551000 40331
1552000 40360
1553000 40382
1554000 40413
1555000 40433
1556000 40472
1557000 40497
1558000 40525
1559000 40539
1560000 40569
1561000 40602
1562000 40637
1563000 40671
1564000 40717
1565000 40746
1566000 40775
1567000 40799
1568000 40829
1569000 40863
1570000 40897
1571000 40917
1572000 40933
1573000 40953
1574000 40984
1575000 41006
1576000 41037
1577000 41065
1578000 41090
1579000 41122
1580000 41163
1581000 41189
1582000 41203
1583000 41235
1584000 41259
1585000 41284
1586000 41305
1587000 41334
1588000 41362
1589000 41384
1590000 41410
1591000 41430
1592000 41454
1593000 41473
1594000 41505
1595000 41530
1596000 41544
1597000 41571
1598000 41601
1599000 41623
1600000 41644
1601000 41661
1602000 41684
1603000 41708
1604000 41736
1605000 41764
1606000 41791
1607000 41814
1608000 41846
1609000 41863
1610000 41884
1611000 41909
1612000 41928
1613000 41952
1614000 41976
1615000 42002
1616000 42028
1617000 42048
1618000 42081
1619000 42106
1620000 42138
1621000 42168
1622000 42196
1623000 42216
1624000 42248
1625000 42276
1626000 42296
1627000 42325
1628000 42345
1629000 42370
1630000 42392
1631000 42415
1632000 42432
1633000 42448
1634000 42474
1635000 42495
1636000 42513
1637000 42535
1638000 42554
1639000 42580
1640000 42603
1641000 42626
1642000 42647
1643000 42671
1644000 42700
1645000 42725
1646000 42751
1647000 42775
1648000 42804
1649000 42828
1650000 42857
1651000 42889
1652000 42911
1653000 42945
1654000 42965
1655000 42992
1656000 43019
1657000 43041
1658000 43082
1659000 43111
1660000 43130
1661000 43152
1662000 43180
1663000 43205
1664000 43232
1665000 43250
1666000 43271
1667000 43292
1668000 43315
1669000 43355
1670000 43385
1671000 43409
1672000 43435
1673000 43459
1674000 43476
1675000 43511
1676000 43539
1677000 43562
1678000 43584
1679000 43608
1680000 43623
1681000 43649
1682000 43670
1683000 43706
1684000 43723
1685000 43742
1686000 43752
1687000 43771
1688000 43791
1689000 43811
1690000 43831
1691000 43872
1692000 43897
1693000 43931
1694000 43967
1695000 43992
1696000 44014
1697000 44047
1698000 44085
1699000 44114
1700000 44149
1701000 44196
1702000 44240
1703000 44275
1704000 44308
1705000 44347
1706000 44386
1707000 44417
1708000 44443
1709000 44483
1710000 44513
1711000 44535
1712000 44564
1713000 44597
1714000 44623
1715000 44651
1716000 44685
1717000 44720
1718000 44745
1719000 44777
1720000 44811
1721000 44840
1722000 44870
1723000 44902
1724000 44929
1725000 44962
1726000 45004
1727000 45038
1728000 45079
1729000 45106
1730000 45144
1731000 45184
1732000 45215
1733000 45244
1734000 45269
1735000 45295
1736000 45328
1737000 45347
1738000 45368
1739000 45392
1740000 45421
1741000 45442
1742000 45467
1743000 45499
1744000 45526
1745000 45553
1746000 45590
1747000 45613
1748000 45632
1749000 45653
1750000 45685
1751000 45708
1752000 45740
1753000 45772
1754000 45792
1755000 45819
1756000 45848
1757000 45868
1758000 45885
1759000 45909
1760000 45926
1761000 45948
1762000 45972
1763000 45999
1764000 46018
1765000 46044
1766000 46065
1767000 46084
1768000 46111
1769000 46133
1770000 46154
1771000 46182
1772000 46207
1773000 46227
1774000 46249
1775000 46269
1776000 46296
1777000 46311
1778000 46330
1779000 46352
1780000 46375
1781000 46398
1782000 46421
1783000 46450
1784000 46482
1785000 46515
1786000 46535
1787000 46556
1788000 46581
1789000 46598
1790000 46625
1791000 46649
1792000 46681
1793000 46699
1794000 46725
1795000 46748
1796000 46780
1797000 46809
1798000 46836
1799000 46862
1800000 46879
1801000 46901
1802000 46914
1803000 46930
1804000 46949
1805000 46975
1806000 46997
1807000 47024
1808000 47039
1809000 47067
1810000 47084
1811000 47106
1812000 47122
1813000 47146
1814000 47169
1815000 47187
1816000 47208
1817000 47233
1818000 47251
1819000 47268
1820000 47281
1821000 47306
1822000 47336
1823000 47356
1824000 47383
1825000 47402
1826000 47427
1827000 47449
1828000 47473
1829000 47491
1830000 47505
1831000 47527
1832000 47543
1833000 47563
1834000 47585
1835000 47601
1836000 47634
1837000 47655
1838000 47674
1839000 47694
1840000 47718
1841000 47736
1842000 47766
1843000 47786
1844000 47809
1845000 47830
1846000 47851
1847000 47867
1848000 47889
1849000 47914
1850000 47935
1851000 47950
1852000 47961
1853000 47983
1854000 48003
1855000 48030
1856000 48053
1857000 48069
1858000 48088
1859000 48113
1860000 48131
1861000 48155
1862000 48171
1863000 48205
1864000 48231
1865000 48254
1866000 48277
1867000 48302
1868000 48325
1869000 48342
1870000 48366
1871000 48389
1872000 48406
1873000 48427
1874000 48459
1875000 48487
1876000 48506
1877000 48531
1878000 48556
1879000 48590
1880000 48607
1881000 48630
1882000 48655
1883000 48684
1884000 48704
1885000 48732
1886000 48762
1887000 48793
1888000 48811
1889000 48837
1890000 48858
1891000 48893
1892000 48922
1893000 48946
1894000 48962
1895000 48981
1896000 49005
1897000 49028
1898000 49047
1899000 49062
1900000 49081
1901000 49110
1902000 49130
1903000 49149
1904000 49173
1905000 49187
1906000 49210
1907000 49233
1908000 49260
1909000 49284
1910000 49315
1911000 49332
1912000 49358
1913000 49391
1914000 49433
1915000 49463
1916000 49482
1917000 49502
1918000 49518
1919000 49544
1920000 49569
1921000 49592
1922000 49612
1923000 49638
1924000 49658
1925000 49680
1926000 49699
1927000 49718
1928000 49729
1929000 49736
1930000 49754
1931000 49767
1932000 49776
1933000 49784
1934000 49793
1935000 49808
1936000 49828
1937000 49841
1938000 49859
1939000 49868
1940000 49880
1941000 49891
1942000 49902
1943000 49917
1944000 49932
1945000 49947
1946000 49974
1947000 50001
1948000 50015
1949000 50044
1950000 50058
1951000 50079
1952000 50107
1953000 50135
1954000 50156
1955000 50175
1956000 50192
1957000 50206
1958000 50228
1959000 50254
1960000 50283
1961000 50301
1962000 50319
1963000 50343
1964000 50360
1965000 50385
1966000 50404
1967000 50420
1968000 50448
1969000 50484
1970000 50509
1971000 50533
1972000 50563
1973000 50594
1974000 50609
1975000 50634
1976000 50657
1977000 50678
1978000 50706
1979000 50720
1980000 50737
1981000 50759
1982000 50777
1983000 50796
1984000 50813
1985000 50840
1986000 50863
1987000 50881
1988000 50908
1989000 50932
1990000 50959
1991000 50990
1992000 51011
1993000 51036
1994000 51061
1995000 51081
1996000 51106
1997000 51132
1998000 51151
1999000 51170
2000000 51192
