# runs cumulative_reorders
1000 126
2000 249
3000 359
4000 500
5000 618
6000 739
7000 837
8000 950
9000 1060
10000 1188
11000 1301
12000 1413
13000 1527
14000 1667
15000 1782
16000 1892
17000 1999
18000 2127
19000 2262
20000 2367
21000 2508
22000 2613
23000 2721
24000 2839
25000 2947
26000 3044
27000 3158
28000 3273
29000 3388
30000 3505
31000 3628
32000 3757
33000 3869
34000 3982
35000 4131
36000 4255
37000 4388
38000 4498
39000 4619
40000 4740
41000 4854
42000 4951
43000 5064
44000 5196
45000 5317
46000 5431
47000 5538
48000 5660
49000 5767
50000 5875
51000 5998
52000 6121
53000 6237
54000 6344
55000 6458
56000 6599
57000 6728
58000 6853
59000 6979
60000 7098
61000 7223
62000 7340
63000 7453
64000 7572
65000 7678
66000 7798
67000 7931
68000 8034
69000 8164
70000 8300
71000 8439
72000 8565
73000 8660
74000 8791
75000 8914
76000 9028
77000 9155
78000 9272
79000 9396
80000 9521
81000 9650
82000 9759
83000 9877
84000 9987
85000 10112
86000 10243
87000 10356
88000 10492
89000 10605
90000 10726
91000 10866
92000 10991
93000 11106
94000 11228
95000 11352
96000 11470
97000 11600
98000 11733
99000 11868
100000 11992
101000 12117
102000 12231
103000 12358
104000 12481
105000 12612
106000 12745
107000 12883
108000 12991
109000 13122
110000 13246
111000 13354
112000 13481
113000 13608
114000 13739
115000 13869
116000 13999
117000 14134
118000 14259
119000 14374
120000 14505
121000 14636
122000 14767
123000 14901
124000 15001
125000 15115
126000 15244
127000 15354
128000 15474
129000 15587
130000 15704
131000 15837
132000 15954
133000 16102
134000 16215
135000 16329
136000 16457
137000 16571
138000 16709
139000 16822
140000 16954
141000 17061
142000 17173
143000 17290
144000 17391
145000 17520
146000 17633
147000 17722
148000 17829
149000 17937
150000 18035
151000 18169
152000 18285
153000 18401
154000 18531
155000 18659
156000 18781
157000 18932
158000 19073
159000 19182
160000 19286
161000 19395
162000 19508
163000 19637
164000 19750
165000 19866
166000 19976
167000 20085
168000 20221
169000 20336
170000 20462
171000 20574
172000 20691
173000 20800
174000 20914
175000 21022
176000 21123
177000 21249
178000 21370
179000 21505
180000 21627
181000 21742
182000 21856
183000 21970
184000 22080
185000 22186
186000 22325
187000 22428
188000 22542
189000 22653
190000 22774
191000 22910
192000 23012
193000 23143
194000 23257
195000 23384
196000 23508
197000 23628
198000 23752
199000 23860
200000 23969
201000 24079
202000 24204
203000 24343
204000 24430
205000 24531
206000 24652
207000 24785
208000 24918
209000 25039
210000 25146
211000 25259
212000 25362
213000 25476
214000 25599
215000 25722
216000 25842
217000 25970
218000 26090
219000 26207
220000 26316
221000 26443
222000 26573
223000 26682
224000 26793
225000 26900
226000 27022
227000 27134
228000 27253
229000 27380
230000 27498
231000 27601
232000 27719
233000 27836
234000 27936
235000 28038
236000 28163
237000 28280
238000 28390
239000 28496
240000 28601
241000 28730
242000 28848
243000 28948
244000 29067
245000 29179
246000 29300
247000 29403
248000 29519
249000 29634
250000 29744
251000 29860
252000 29974
253000 30101
254000 30228
255000 30350
256000 30473
257000 30579
258000 30710
259000 30824
260000 30941
261000 31062
262000 31168
263000 31279
264000 31398
265000 31511
266000 31628
267000 31760
268000 31871
269000 32006
270000 32108
271000 32227
272000 32338
273000 32458
274000 32584
275000 32685
276000 32810
277000 32917
278000 33032
279000 33142
280000 33264
281000 33364
282000 33471
283000 33578
284000 33691
285000 33793
286000 33909
287000 34039
288000 34152
289000 34273
290000 34384
291000 34503
292000 34633
293000 34736
294000 34851
295000 34954
296000 35074
297000 35198
298000 35324
299000 35442
300000 35560
301000 35684
302000 35809
303000 35930
304000 36039
305000 36162
306000 36282
307000 36399
308000 36509
309000 36625
310000 36751
311000 36862
312000 36986
313000 37096
314000 37199
315000 37319
316000 37441
317000 37574
318000 37701
319000 37820
320000 37944
321000 38069
322000 38183
323000 38274
324000 38376
325000 38496
326000 38611
327000 38733
328000 38841
329000 38945
330000 39056
331000 39166
332000 39276
333000 39398
334000 39520
335000 39644
336000 39772
337000 39898
338000 40007
339000 40123
340000 40229
341000 40352
342000 40467
343000 40575
344000 40684
345000 40817
346000 40942
347000 41084
348000 41199
349000 41331
350000 41441
351000 41562
352000 41670
353000 41799
354000 41902
355000 42029
356000 42168
357000 42285
358000 42429
359000 42549
360000 42659
361000 42781
362000 42889
363000 43016
364000 43109
365000 43234
366000 43343
367000 43463
368000 43568
369000 43681
370000 43793
371000 43893
372000 44004
373000 44130
374000 44243
375000 44362
376000 44471
377000 44608
378000 44712
379000 44839
380000 44973
381000 45105
382000 45207
383000 45317
384000 45433
385000 45556
386000 45665
387000 45798
388000 45912
389000 46018
390000 46148
391000 46258
392000 46366
393000 46480
394000 46605
395000 46719
396000 46809
397000 46912
398000 47020
399000 47131
400000 47251
401000 47373
402000 47505
403000 47615
404000 47742
405000 47865
406000 47997
407000 48123
408000 48241
409000 48355
410000 48497
411000 48623
412000 48742
413000 48843
414000 48969
415000 49074
416000 49186
417000 49301
418000 49420
419000 49549
420000 49664
421000 49778
422000 49911
423000 50018
424000 50151
425000 50265
426000 50379
427000 50499
428000 50628
429000 50748
430000 50853
431000 50968
432000 51095
433000 51246
434000 51388
435000 51516
436000 51643
437000 51743
438000 51862
439000 51997
440000 52115
441000 52253
442000 52384
443000 52528
444000 52647
445000 52777
446000 52899
447000 53035
448000 53166
449000 53300
450000 53422
451000 53553
452000 53672
453000 53815
454000 53933
455000 54069
456000 54223
457000 54352
458000 54482
459000 54615
460000 54728
461000 54873
462000 55006
463000 55134
464000 55258
465000 55375
466000 55487
467000 55611
468000 55735
469000 55869
470000 55999
471000 56124
472000 56245
473000 56370
474000 56489
475000 56623
476000 56757
477000 56862
478000 56977
479000 57115
480000 57242
481000 57396
482000 57525
483000 57648
484000 57759
485000 57896
486000 58006
487000 58136
488000 58285
489000 58426
490000 58565
491000 58708
492000 58862
493000 58973
494000 59135
495000 59287
496000 59420
497000 59576
498000 59706
499000 59852
500000 59983
501000 60122
502000 60272
503000 60394
504000 60530
505000 60663
506000 60790
507000 60931
508000 61072
509000 61204
510000 61336
511000 61457
512000 61596
513000 61725
514000 61875
515000 62000
516000 62129
517000 62234
518000 62363
519000 62462
520000 62584
521000 62690
522000 62810
523000 62958
524000 63097
525000 63224
526000 63356
527000 63474
528000 63602
529000 63743
530000 63878
531000 64008
532000 64138
533000 64283
534000 64407
535000 64526
536000 64661
537000 64769
538000 64904
539000 65043
540000 65151
541000 65254
542000 65371
543000 65495
544000 65611
545000 65724
546000 65829
547000 65940
548000 66054
549000 66162
550000 66278
551000 66404
552000 66530
553000 66657
554000 66772
555000 66899
556000 67016
557000 67158
558000 67279
559000 67410
560000 67557
561000 67673
562000 67797
563000 67949
564000 68089
565000 68218
566000 68334
567000 68461
568000 68607
569000 68735
570000 68872
571000 69001
572000 69121
573000 69233
574000 69350
575000 69498
576000 69636
577000 69755
578000 69876
579000 69993
580000 70105
581000 70216
582000 70320
583000 70469
584000 70592
585000 70709
586000 70846
587000 70959
588000 71066
589000 71189
590000 71313
591000 71434
592000 71559
593000 71687
594000 71788
595000 71913
596000 72029
597000 72133
598000 72251
599000 72386
600000 72504
601000 72611
602000 72732
603000 72846
604000 72961
605000 73077
606000 73223
607000 73366
608000 73499
609000 73617
610000 73763
611000 73894
612000 74016
613000 74120
614000 74249
615000 74369
616000 74500
617000 74619
618000 74745
619000 74869
620000 74982
621000 75109
622000 75220
623000 75342
624000 75460
625000 75580
626000 75709
627000 75833
628000 75954
629000 76073
630000 76205
631000 76321
632000 76428
633000 76560
634000 76699
635000 76819
636000 76923
637000 77038
638000 77170
639000 77288
640000 77422
641000 77517
642000 77623
643000 77733
644000 77858
645000 77981
646000 78106
647000 78234
648000 78354
649000 78482
650000 78595
651000 78692
652000 78821
653000 78953
654000 79102
655000 79232
656000 79361
657000 79479
658000 79612
659000 79730
660000 79842
661000 79965
662000 80079
663000 80186
664000 80306
665000 80409
666000 80534
667000 80650
668000 80755
669000 80879
670000 81005
671000 81122
672000 81235
673000 81355
674000 81457
675000 81571
676000 81664
677000 81800
678000 81919
679000 82036
680000 82154
681000 82268
682000 82397
683000 82516
684000 82638
685000 82762
686000 82867
687000 82978
688000 83119
689000 83240
690000 83368
691000 83491
692000 83600
693000 83711
694000 83838
695000 83951
696000 84075
697000 84181
698000 84304
699000 84417
700000 84525
701000 84649
702000 84770
703000 84873
704000 84990
705000 85113
706000 85214
707000 85339
708000 85461
709000 85555
710000 85669
711000 85784
712000 85905
713000 86014
714000 86124
715000 86248
716000 86383
717000 86503
718000 86634
719000 86748
720000 86867
721000 86993
722000 87113
723000 87209
724000 87335
725000 87465
726000 87578
727000 87701
728000 87820
729000 87951
730000 88086
731000 88193
732000 88297
733000 88424
734000 88539
735000 88655
736000 88765
737000 88892
738000 89004
739000 89118
740000 89211
741000 89328
742000 89430
743000 89550
744000 89660
745000 89778
746000 89892
747000 90018
748000 90141
749000 90243
750000 90353
751000 90456
752000 90586
753000 90710
754000 90829
755000 90928
756000 91040
757000 91173
758000 91281
759000 91392
760000 91499
761000 91616
762000 91726
763000 91843
764000 91963
765000 92074
766000 92182
767000 92304
768000 92422
769000 92520
770000 92643
771000 92771
772000 92865
773000 92982
774000 93109
775000 93218
776000 93342
777000 93453
778000 93561
779000 93678
780000 93786
781000 93900
782000 94028
783000 94161
784000 94306
785000 94422
786000 94549
787000 94664
788000 94795
789000 94899
790000 95021
791000 95143
792000 95259
793000 95359
794000 95484
795000 95599
796000 95715
797000 95832
798000 95950
799000 96068
800000 96166
801000 96289
802000 96407
803000 96526
804000 96624
805000 96765
806000 96866
807000 96990
808000 97095
809000 97208
810000 97325
811000 97431
812000 97541
813000 97658
814000 97761
815000 97885
816000 98000
817000 98113
818000 98232
819000 98344
820000 98461
821000 98600
822000 98724
823000 98850
824000 98973
825000 99088
826000 99201
827000 99319
828000 99444
829000 99556
830000 99676
831000 99798
832000 99931
833000 100053
834000 100166
835000 100287
836000 100417
837000 100558
838000 100672
839000 100787
840000 100902
841000 101018
842000 101145
843000 101268
844000 101397
845000 101510
846000 101619
847000 101740
848000 101843
849000 101964
850000 102095
851000 102213
852000 102323
853000 102474
854000 102616
855000 102741
856000 102878
857000 102999
858000 103125
859000 103254
860000 103368
861000 103471
862000 103603
863000 103718
864000 103833
865000 103949
866000 104069
867000 104185
868000 104299
869000 104426
870000 104555
871000 104682
872000 104794
873000 104921
874000 105043
875000 105168
876000 105297
877000 105410
878000 105525
879000 105647
880000 105754
881000 105866
882000 105990
883000 106108
884000 106212
885000 106328
886000 106451
887000 106556
888000 106663
889000 106780
890000 106910
891000 107032
892000 107159
893000 107274
894000 107385
895000 107513
896000 107623
897000 107751
898000 107892
899000 108019
900000 108146
901000 108260
902000 108372
903000 108511
904000 108629
905000 108750
906000 108859
907000 108998
908000 109128
909000 109249
910000 109359
911000 109460
912000 109582
913000 109700
914000 109817
915000 109927
916000 110059
917000 110185
918000 110285
919000 110414
920000 110542
921000 110665
922000 110809
923000 110941
924000 111046
925000 111148
926000 111244
927000 111351
928000 111467
929000 111577
930000 111703
931000 111854
932000 111969
933000 112084
934000 112191
935000 112320
936000 112443
937000 112565
938000 112686
939000 112798
940000 112903
941000 112995
942000 113090
943000 113208
944000 113322
945000 113440
946000 113565
947000 113678
948000 113795
949000 113915
950000 114045
951000 114160
952000 114272
953000 114392
954000 114500
955000 114623
956000 114725
957000 114835
958000 114952
959000 115079
960000 115203
961000 115330
962000 115453
963000 115558
964000 115688
965000 115800
966000 115914
967000 116043
968000 116152
969000 116272
970000 116374
971000 116493
972000 116612
973000 116727
974000 116842
975000 116969
976000 117123
977000 117248
978000 117365
979000 117502
980000 117627
981000 117744
982000 117871
983000 117974
984000 118078
985000 118187
986000 118308
987000 118414
988000 118533
989000 118637
990000 118758
991000 118867
992000 118982
993000 119119
994000 119228
995000 119343
996000 119453
997000 119558
998000 119675
999000 119789
1000000 119889
1001000 120013
1002000 120140
1003000 120264
1004000 120377
1005000 120497
1006000 120602
1007000 120719
1008000 120833
1009000 120952
1010000 121063
1011000 121194
1012000 121316
1013000 121426
1014000 121545
1015000 121656
1016000 121762
1017000 121887
1018000 122005
1019000 122136
1020000 122252
1021000 122355
1022000 122470
1023000 122585
1024000 122685
1025000 122805
1026000 122917
1027000 123039
1028000 123148
1029000 123273
1030000 123392
1031000 123510
1032000 123618
1033000 123729
1034000 123859
1035000 123962
1036000 124081
1037000 124193
1038000 124313
1039000 124436
1040000 124564
1041000 124680
1042000 124793
1043000 124897
1044000 125010
1045000 125136
1046000 125263
1047000 125367
1048000 125485
1049000 125599
1050000 125708
1051000 125828
1052000 125939
1053000 126055
1054000 126165
1055000 126296
1056000 126426
1057000 126533
1058000 126638
1059000 126748
1060000 126850
1061000 126977
1062000 127077
1063000 127178
1064000 127285
1065000 127390
1066000 127509
1067000 127620
1068000 127726
1069000 127824
1070000 127927
1071000 128054
1072000 128168
1073000 128269
1074000 128372
1075000 128485
1076000 128598
1077000 128718
1078000 128839
1079000 128950
1080000 129071
1081000 129193
1082000 129296
1083000 129407
1084000 129526
1085000 129649
1086000 129766
1087000 129877
1088000 129985
1089000 130101
1090000 130222
1091000 130328
1092000 130449
1093000 130582
1094000 130702
1095000 130824
1096000 130938
1097000 131055
1098000 131159
1099000 131259
1100000 131381
1101000 131492
1102000 131599
1103000 131728
1104000 131835
1105000 131944
1106000 132055
1107000 132183
1108000 132312
1109000 132435
1110000 132557
1111000 132678
1112000 132788
1113000 132903
1114000 133007
1115000 133105
1116000 133232
1117000 133351
1118000 133465
1119000 133584
1120000 133722
1121000 133832
1122000 133962
1123000 134077
1124000 134191
1125000 134303
1126000 134428
1127000 134550
1128000 134659
1129000 134773
1130000 134873
1131000 134988
1132000 135111
1133000 135235
1134000 135350
1135000 135462
1136000 135575
1137000 135685
1138000 135822
1139000 135916
1140000 136023
1141000 136143
1142000 136277
1143000 136397
1144000 136521
1145000 136633
1146000 136747
1147000 136885
1148000 136990
1149000 137116
1150000 137230
1151000 137335
1152000 137447
1153000 137564
1154000 137671
1155000 137788
1156000 137921
1157000 138036
1158000 138136
1159000 138259
1160000 138385
1161000 138490
1162000 138643
1163000 138747
1164000 138877
1165000 139013
1166000 139130
1167000 139271
1168000 139390
1169000 139490
1170000 139597
1171000 139715
1172000 139835
1173000 139947
1174000 140062
1175000 140188
1176000 140306
1177000 140418
1178000 140553
1179000 140684
1180000 140794
1181000 140907
1182000 141015
1183000 141131
1184000 141240
1185000 141345
1186000 141466
1187000 141580
1188000 141706
1189000 141829
1190000 141952
1191000 142067
1192000 142177
1193000 142286
1194000 142398
1195000 142496
1196000 142604
1197000 142711
1198000 142822
1199000 142921
1200000 143053
1201000 143174
1202000 143306
1203000 143410
1204000 143545
1205000 143660
1206000 143782
1207000 143902
1208000 144020
1209000 144129
1210000 144246
1211000 144373
1212000 144496
1213000 144620
1214000 144736
1215000 144880
1216000 144999
1217000 145116
1218000 145242
1219000 145351
1220000 145464
1221000 145587
1222000 145707
1223000 145825
1224000 145947
1225000 146036
1226000 146138
1227000 146242
1228000 146367
1229000 146484
1230000 146600
1231000 146728
1232000 146857
1233000 146959
1234000 147085
1235000 147182
1236000 147298
1237000 147422
1238000 147527
1239000 147641
1240000 147765
1241000 147853
1242000 147977
1243000 148097
1244000 148202
1245000 148334
1246000 148443
1247000 148560
1248000 148695
1249000 148831
1250000 148961
1251000 149065
1252000 149162
1253000 149291
1254000 149404
1255000 149517
1256000 149615
1257000 149720
1258000 149836
1259000 149965
1260000 150107
1261000 150225
1262000 150350
1263000 150466
1264000 150568
1265000 150680
1266000 150800
1267000 150914
1268000 151037
1269000 151147
1270000 151264
1271000 151378
1272000 151499
1273000 151624
1274000 151732
1275000 151848
1276000 151989
1277000 152093
1278000 152226
1279000 152340
1280000 152457
1281000 152569
1282000 152669
1283000 152802
1284000 152917
1285000 153037
1286000 153153
1287000 153273
1288000 153388
1289000 153517
1290000 153634
1291000 153768
1292000 153895
1293000 153993
1294000 154103
1295000 154228
1296000 154344
1297000 154462
1298000 154587
1299000 154690
1300000 154817
1301000 154941
1302000 155058
1303000 155173
1304000 155299
1305000 155429
1306000 155564
1307000 155688
1308000 155808
1309000 155919
1310000 156027
1311000 156146
1312000 156256
1313000 156377
1314000 156503
1315000 156608
1316000 156710
1317000 156820
1318000 156939
1319000 157062
1320000 157174
1321000 157302
1322000 157416
1323000 157509
1324000 157621
1325000 157740
1326000 157842
1327000 157947
1328000 158070
1329000 158185
1330000 158291
1331000 158410
1332000 158546
1333000 158656
1334000 158766
1335000 158871
1336000 159014
1337000 159138
1338000 159265
1339000 159381
1340000 159517
1341000 159642
1342000 159746
1343000 159867
1344000 159980
1345000 160093
1346000 160202
1347000 160316
1348000 160425
1349000 160566
1350000 160685
1351000 160789
1352000 160905
1353000 161031
1354000 161146
1355000 161270
1356000 161375
1357000 161488
1358000 161609
1359000 161718
1360000 161848
1361000 161955
1362000 162087
1363000 162205
1364000 162313
1365000 162449
1366000 162576
1367000 162687
1368000 162809
1369000 162903
1370000 163010
1371000 163129
1372000 163231
1373000 163342
1374000 163455
1375000 163569
1376000 163687
1377000 163802
1378000 163923
1379000 164062
1380000 164185
1381000 164308
1382000 164428
1383000 164524
1384000 164636
1385000 164735
1386000 164850
1387000 164966
1388000 165108
1389000 165228
1390000 165362
1391000 165472
1392000 165587
1393000 165696
1394000 165823
1395000 165926
1396000 166049
1397000 166172
1398000 166293
1399000 166412
1400000 166511
1401000 166631
1402000 166767
1403000 166875
1404000 166983
1405000 167121
1406000 167231
1407000 167362
1408000 167485
1409000 167611
1410000 167729
1411000 167851
1412000 167958
1413000 168087
1414000 168209
1415000 168315
1416000 168432
1417000 168558
1418000 168674
1419000 168791
1420000 168900
1421000 169018
1422000 169125
1423000 169248
1424000 169374
1425000 169489
1426000 169598
1427000 169707
1428000 169821
1429000 169944
1430000 170070
1431000 170199
1432000 170318
1433000 170443
1434000 170590
1435000 170722
1436000 170841
1437000 170967
1438000 171121
1439000 171261
1440000 171400
1441000 171549
1442000 171685
1443000 171793
1444000 171918
1445000 172048
1446000 172178
1447000 172315
1448000 172455
1449000 172598
1450000 172708
1451000 172828
1452000 172945
1453000 173076
1454000 173199
1455000 173328
1456000 173452
1457000 173575
1458000 173702
1459000 173838
1460000 173951
1461000 174073
1462000 174189
1463000 174297
1464000 174418
1465000 174531
1466000 174667
1467000 174812
1468000 174918
1469000 175035
1470000 175139
1471000 175245
1472000 175368
1473000 175494
1474000 175615
1475000 175734
1476000 175836
1477000 175947
1478000 176074
1479000 176208
1480000 176343
1481000 176473
1482000 176579
1483000 176682
1484000 176801
1485000 176911
1486000 177029
1487000 177130
1488000 177249
1489000 177372
1490000 177497
1491000 177621
1492000 177743
1493000 177871
1494000 177985
1495000 178109
1496000 178223
1497000 178341
1498000 178451
1499000 178564
1500000 178702
1501000 178815
1502000 178929
1503000 179056
1504000 179182
1505000 179289
1506000 179403
1507000 179506
1508000 179598
1509000 179706
1510000 179821
1511000 179953
1512000 180055
1513000 180199
1514000 180331
1515000 180445
1516000 180555
1517000 180674
1518000 180817
1519000 180940
1520000 181062
1521000 181190
1522000 181306
1523000 181420
1524000 181550
1525000 181687
1526000 181797
1527000 181928
1528000 182036
1529000 182159
1530000 182283
1531000 182408
1532000 182521
1533000 182643
1534000 182764
1535000 182875
1536000 183004
1537000 183126
1538000 183254
1539000 183381
1540000 183518
1541000 183622
1542000 183724
1543000 183862
1544000 183983
1545000 184112
1546000 184234
1547000 184363
1548000 184475
1549000 184608
1550000 184740
1551000 184847
1552000 184973
1553000 185115
1554000 185221
1555000 185345
1556000 185445
1557000 185556
1558000 185672
1559000 185782
1560000 185906
1561000 186025
1562000 186183
1563000 186295
1564000 186413
1565000 186548
1566000 186669
1567000 186796
1568000 186904
1569000 187043
1570000 187176
1571000 187303
1572000 187435
1573000 187562
1574000 187698
1575000 187829
1576000 187949
1577000 188053
1578000 188181
1579000 188309
1580000 188451
1581000 188579
1582000 188675
1583000 188802
1584000 188919
1585000 189025
1586000 189144
1587000 189260
1588000 189378
1589000 189497
1590000 189616
1591000 189741
1592000 189869
1593000 189992
1594000 190117
1595000 190226
1596000 190343
1597000 190467
1598000 190582
1599000 190713
1600000 190829
1601000 190958
1602000 191072
1603000 191189
1604000 191323
1605000 191461
1606000 191594
1607000 191710
1608000 191817
1609000 191928
1610000 192070
1611000 192189
1612000 192320
1613000 192438
1614000 192555
1615000 192646
1616000 192764
1617000 192886
1618000 193009
1619000 193132
1620000 193236
1621000 193367
1622000 193504
1623000 193611
1624000 193733
1625000 193840
1626000 193969
1627000 194084
1628000 194201
1629000 194320
1630000 194431
1631000 194535
1632000 194651
1633000 194771
1634000 194893
1635000 195003
1636000 195112
1637000 195224
1638000 195349
1639000 195485
1640000 195597
1641000 195715
1642000 195851
1643000 195962
1644000 196075
1645000 196184
1646000 196288
1647000 196402
1648000 196520
1649000 196638
1650000 196750
1651000 196877
1652000 196981
1653000 197102
1654000 197212
1655000 197329
1656000 197466
1657000 197575
1658000 197683
1659000 197782
1660000 197886
1661000 198008
1662000 198116
1663000 198245
1664000 198360
1665000 198475
1666000 198592
1667000 198715
1668000 198851
1669000 198988
1670000 199128
1671000 199274
1672000 199383
1673000 199520
1674000 199621
1675000 199744
1676000 199879
1677000 199982
1678000 200101
1679000 200232
1680000 200338
1681000 200476
1682000 200594
1683000 200711
1684000 200812
1685000 200929
1686000 201050
1687000 201175
1688000 201307
1689000 201435
1690000 201551
1691000 201682
1692000 201780
1693000 201909
1694000 202038
1695000 202160
1696000 202272
1697000 202393
1698000 202534
1699000 202657
1700000 202774
1701000 202895
1702000 203009
1703000 203115
1704000 203240
1705000 203360
1706000 203476
1707000 203588
1708000 203707
1709000 203820
1710000 203940
1711000 204052
1712000 204181
1713000 204273
1714000 204384
1715000 204501
1716000 204628
1717000 204745
1718000 204865
1719000 204978
1720000 205109
1721000 205256
1722000 205394
1723000 205520
1724000 205637
1725000 205742
1726000 205852
1727000 205979
1728000 206101
1729000 206199
1730000 206325
1731000 206426
1732000 206535
1733000 206643
1734000 206756
1735000 206862
1736000 206995
1737000 207115
1738000 207231
1739000 207356
1740000 207467
1741000 207591
1742000 207709
1743000 207822
1744000 207946
1745000 208069
1746000 208171
1747000 208290
1748000 208420
1749000 208525
1750000 208667
1751000 208777
1752000 208902
1753000 209028
1754000 209145
1755000 209266
1756000 209380
1757000 209515
1758000 209640
1759000 209761
1760000 209877
1761000 209976
1762000 210095
1763000 210235
1764000 210370
1765000 210490
1766000 210606
1767000 210718
1768000 210835
1769000 210957
1770000 211084
1771000 211205
1772000 211323
1773000 211427
1774000 211545
1775000 211668
1776000 211778
1777000 211894
1778000 211996
1779000 212098
1780000 212216
1781000 212338
1782000 212478
1783000 212594
1784000 212711
1785000 212822
1786000 212920
1787000 213038
1788000 213129
1789000 213248
1790000 213377
1791000 213478
1792000 213588
1793000 213687
1794000 213798
1795000 213920
1796000 214037
1797000 214137
1798000 214258
1799000 214383
1800000 214508
1801000 214623
1802000 214745
1803000 214844
1804000 214950
1805000 215067
1806000 215178
1807000 215302
1808000 215420
1809000 215539
1810000 215667
1811000 215788
1812000 215937
1813000 216073
1814000 216202
1815000 216305
1816000 216432
1817000 216565
1818000 216681
1819000 216792
1820000 216906
1821000 217006
1822000 217124
1823000 217241
1824000 217342
1825000 217472
1826000 217603
1827000 217739
1828000 217849
1829000 217961
1830000 218082
1831000 218206
1832000 218335
1833000 218449
1834000 218589
1835000 218695
1836000 218819
1837000 218937
1838000 219055
1839000 219189
1840000 219292
1841000 219429
1842000 219556
1843000 219681
1844000 219814
1845000 219942
1846000 220065
1847000 220193
1848000 220319
1849000 220432
1850000 220538
1851000 220651
1852000 220756
1853000 220882
1854000 220992
1855000 221096
1856000 221209
1857000 221344
1858000 221469
1859000 221598
1860000 221709
1861000 221839
1862000 221971
1863000 222098
1864000 222211
1865000 222339
1866000 222453
1867000 222565
1868000 222699
1869000 222824
1870000 222943
1871000 223058
1872000 223185
1873000 223301
1874000 223415
1875000 223539
1876000 223660
1877000 223782
1878000 223898
1879000 224012
1880000 224127
1881000 224251
1882000 224361
1883000 224470
1884000 224575
1885000 224711
1886000 224842
1887000 224963
1888000 225074
1889000 225188
1890000 225302
1891000 225414
1892000 225541
1893000 225664
1894000 225795
1895000 225924
1896000 226052
1897000 226171
1898000 226287
1899000 226380
1900000 226492
1901000 226612
1902000 226746
1903000 226864
1904000 226977
1905000 227089
1906000 227199
1907000 227324
1908000 227430
1909000 227531
1910000 227651
1911000 227779
1912000 227898
1913000 228002
1914000 228134
1915000 228258
1916000 228364
1917000 228488
1918000 228615
1919000 228727
1920000 228836
1921000 228953
1922000 229072
1923000 229198
1924000 229334
1925000 229466
1926000 229574
1927000 229689
1928000 229826
1929000 229942
1930000 230056
1931000 230182
1932000 230310
1933000 230439
1934000 230549
1935000 230682
1936000 230794
1937000 230920
1938000 231039
1939000 231175
1940000 231299
1941000 231414
1942000 231531
1943000 231636
1944000 231765
1945000 231880
1946000 232013
1947000 232135
1948000 232263
1949000 232377
1950000 232506
1951000 232623
1952000 232734
1953000 232843
1954000 232962
1955000 233090
1956000 233214
1957000 233342
1958000 233470
1959000 233600
1960000 233716
1961000 233843
1962000 233969
1963000 234089
1964000 234225
1965000 234354
1966000 234478
1967000 234590
1968000 234703
1969000 234829
1970000 234933
1971000 235063
1972000 235200
1973000 235322
1974000 235447
1975000 235575
1976000 235698
1977000 235819
1978000 235934
1979000 236026
1980000 236157
1981000 236282
1982000 236389
1983000 236481
1984000 236606
1985000 236711
1986000 236821
1987000 236965
1988000 237093
1989000 237201
1990000 237315
1991000 237435
1992000 237535
1993000 237648
1994000 237772
1995000 237898
1996000 238018
1997000 238140
1998000 238266
1999000 238383
2000000 238506
