# runs cumulative_reorders
1000 5
2000 9
3000 17
4000 18
5000 22
6000 28
7000 31
8000 33
9000 36
10000 38
11000 39
12000 46
13000 52
14000 59
15000 64
16000 70
17000 72
18000 77
19000 85
20000 89
21000 96
22000 101
23000 103
24000 110
25000 113
26000 116
27000 125
28000 128
29000 134
30000 138
31000 141
32000 145
33000 153
34000 155
35000 161
36000 165
37000 169
38000 173
39000 179
40000 182
41000 185
42000 191
43000 197
44000 199
45000 201
46000 208
47000 213
48000 215
49000 221
50000 228
51000 232
52000 237
53000 243
54000 250
55000 259
56000 265
57000 275
58000 277
59000 281
60000 283
61000 284
62000 287
63000 295
64000 306
65000 315
66000 316
67000 323
68000 324
69000 333
70000 338
71000 343
72000 350
73000 357
74000 359
75000 362
76000 368
77000 379
78000 382
79000 386
80000 392
81000 400
82000 404
83000 413
84000 414
85000 424
86000 433
87000 438
88000 442
89000 450
90000 460
91000 463
92000 464
93000 471
94000 474
95000 477
96000 481
97000 485
98000 492
99000 500
100000 506
101000 516
102000 520
103000 526
104000 532
105000 541
106000 548
107000 554
108000 557
109000 561
110000 563
111000 569
112000 576
113000 579
114000 588
115000 593
116000 594
117000 596
118000 601
119000 605
120000 612
121000 619
122000 623
123000 627
124000 628
125000 631
126000 633
127000 637
128000 645
129000 651
130000 658
131000 661
132000 669
133000 673
134000 679
135000 684
136000 692
137000 697
138000 701
139000 705
140000 716
141000 719
142000 724
143000 730
144000 737
145000 742
146000 750
147000 754
148000 761
149000 764
150000 773
151000 784
152000 788
153000 791
154000 792
155000 797
156000 801
157000 807
158000 813
159000 818
160000 821
161000 828
162000 832
163000 839
164000 841
165000 852
166000 855
167000 858
168000 861
169000 864
170000 871
171000 872
172000 876
173000 884
174000 890
175000 895
176000 897
177000 902
178000 905
179000 910
180000 914
181000 917
182000 922
183000 932
184000 936
185000 942
186000 949
187000 953
188000 959
189000 965
190000 967
191000 979
192000 982
193000 986
194000 993
195000 1001
196000 1006
197000 1009
198000 1014
199000 1020
200000 1025
201000 1030
202000 1036
203000 1038
204000 1042
205000 1045
206000 1052
207000 1058
208000 1063
209000 1068
210000 1074
211000 1077
212000 1081
213000 1084
214000 1091
215000 1095
216000 1098
217000 1102
218000 1111
219000 1112
220000 1118
221000 1121
222000 1125
223000 1132
224000 1135
225000 1137
226000 1144
227000 1151
228000 1156
229000 1158
230000 1163
231000 1171
232000 1175
233000 1181
234000 1185
235000 1194
236000 1197
237000 1205
238000 1210
239000 1221
240000 1227
241000 1233
242000 1238
243000 1251
244000 1260
245000 1267
246000 1274
247000 1281
248000 1290
249000 1294
250000 1301
251000 1306
252000 1313
253000 1318
254000 1324
255000 1332
256000 1334
257000 1335
258000 1342
259000 1347
260000 1358
261000 1362
262000 1363
263000 1367
264000 1375
265000 1382
266000 1385
267000 1392
268000 1395
269000 1401
270000 1405
271000 1414
272000 1423
273000 1430
274000 1435
275000 1435
276000 1437
277000 1440
278000 1446
279000 1450
280000 1455
281000 1459
282000 1468
283000 1472
284000 1476
285000 1484
286000 1490
287000 1497
288000 1507
289000 1508
290000 1517
291000 1523
292000 1528
293000 1535
294000 1537
295000 1540
296000 1547
297000 1553
298000 1556
299000 1558
300000 1562
301000 1570
302000 1575
303000 1581
304000 1588
305000 1594
306000 1597
307000 1603
308000 1611
309000 1620
310000 1626
311000 1634
312000 1639
313000 1643
314000 1646
315000 1647
316000 1651
317000 1655
318000 1660
319000 1664
320000 1668
321000 1679
322000 1682
323000 1687
324000 1692
325000 1698
326000 1699
327000 1706
328000 1711
329000 1713
330000 1717
331000 1721
332000 1726
333000 1731
334000 1737
335000 1740
336000 1750
337000 1757
338000 1763
339000 1773
340000 1784
341000 1789
342000 1792
343000 1800
344000 1807
345000 1817
346000 1822
347000 1829
348000 1832
349000 1839
350000 1842
351000 1847
352000 1853
353000 1855
354000 1859
355000 1864
356000 1873
357000 1879
358000 1883
359000 1886
360000 1894
361000 1900
362000 1904
363000 1908
364000 1917
365000 1927
366000 1932
367000 1937
368000 1943
369000 1948
370000 1948
371000 1951
372000 1956
373000 1959
374000 1968
375000 1975
376000 1982
377000 1988
378000 1992
379000 1998
380000 2004
381000 2006
382000 2009
383000 2012
384000 2019
385000 2023
386000 2028
387000 2034
388000 2040
389000 2049
390000 2052
391000 2056
392000 2059
393000 2063
394000 2066
395000 2068
396000 2070
397000 2072
398000 2081
399000 2087
400000 2090
401000 2095
402000 2100
403000 2104
404000 2109
405000 2121
406000 2125
407000 2127
408000 2130
409000 2137
410000 2142
411000 2145
412000 2148
413000 2152
414000 2157
415000 2164
416000 2171
417000 2178
418000 2185
419000 2192
420000 2198
421000 2203
422000 2205
423000 2210
424000 2214
425000 2225
426000 2233
427000 2238
428000 2241
429000 2244
430000 2249
431000 2253
432000 2256
433000 2262
434000 2269
435000 2275
436000 2278
437000 2287
438000 2292
439000 2296
440000 2303
441000 2311
442000 2314
443000 2319
444000 2324
445000 2334
446000 2344
447000 2351
448000 2364
449000 2372
450000 2373
451000 2378
452000 2388
453000 2399
454000 2401
455000 2408
456000 2411
457000 2414
458000 2419
459000 2424
460000 2426
461000 2431
462000 2437
463000 2439
464000 2447
465000 2456
466000 2465
467000 2469
468000 2472
469000 2477
470000 2485
471000 2493
472000 2499
473000 2506
474000 2511
475000 2516
476000 2525
477000 2532
478000 2535
479000 2539
480000 2548
481000 2555
482000 2557
483000 2561
484000 2566
485000 2570
486000 2574
487000 2577
488000 2585
489000 2587
490000 2594
491000 2599
492000 2600
493000 2607
494000 2614
495000 2622
496000 2626
497000 2631
498000 2632
499000 2640
500000 2644
501000 2650
502000 2653
503000 2655
504000 2664
505000 2670
506000 2675
507000 2680
508000 2682
509000 2685
510000 2688
511000 2691
512000 2699
513000 2704
514000 2709
515000 2719
516000 2727
517000 2731
518000 2734
519000 2739
520000 2743
521000 2749
522000 2753
523000 2759
524000 2766
525000 2769
526000 2774
527000 2787
528000 2793
529000 2798
530000 2808
531000 2808
532000 2812
533000 2820
534000 2827
535000 2831
536000 2841
537000 2845
538000 2851
539000 2857
540000 2866
541000 2870
542000 2881
543000 2883
544000 2887
545000 2896
546000 2904
547000 2906
548000 2910
549000 2915
550000 2920
551000 2929
552000 2933
553000 2937
554000 2944
555000 2951
556000 2958
557000 2967
558000 2968
559000 2976
560000 2982
561000 2988
562000 2998
563000 2999
564000 3003
565000 3008
566000 3013
567000 3018
568000 3024
569000 3039
570000 3041
571000 3049
572000 3054
573000 3056
574000 3063
575000 3066
576000 3071
577000 3082
578000 3086
579000 3090
580000 3094
581000 3108
582000 3113
583000 3120
584000 3123
585000 3128
586000 3132
587000 3139
588000 3146
589000 3148
590000 3157
591000 3163
592000 3171
593000 3174
594000 3178
595000 3190
596000 3204
597000 3224
598000 3232
599000 3237
600000 3246
601000 3255
602000 3260
603000 3262
604000 3264
605000 3268
606000 3271
607000 3278
608000 3282
609000 3286
610000 3292
611000 3298
612000 3299
613000 3306
614000 3309
615000 3318
616000 3321
617000 3325
618000 3333
619000 3337
620000 3339
621000 3345
622000 3349
623000 3354
624000 3357
625000 3363
626000 3366
627000 3370
628000 3377
629000 3381
630000 3388
631000 3389
632000 3392
633000 3397
634000 3403
635000 3407
636000 3413
637000 3420
638000 3421
639000 3424
640000 3433
641000 3438
642000 3445
643000 3452
644000 3456
645000 3461
646000 3466
647000 3473
648000 3476
649000 3485
650000 3487
651000 3493
652000 3496
653000 3499
654000 3507
655000 3516
656000 3522
657000 3525
658000 3530
659000 3539
660000 3541
661000 3546
662000 3555
663000 3561
664000 3574
665000 3579
666000 3583
667000 3585
668000 3588
669000 3594
670000 3598
671000 3601
672000 3607
673000 3611
674000 3615
675000 3621
676000 3625
677000 3631
678000 3637
679000 3643
680000 3645
681000 3651
682000 3657
683000 3661
684000 3666
685000 3673
686000 3678
687000 3686
688000 3688
689000 3689
690000 3694
691000 3698
692000 3706
693000 3715
694000 3725
695000 3730
696000 3733
697000 3737
698000 3739
699000 3744
700000 3748
701000 3753
702000 3760
703000 3763
704000 3769
705000 3777
706000 3780
707000 3785
708000 3788
709000 3791
710000 3794
711000 3798
712000 3803
713000 3811
714000 3815
715000 3826
716000 3831
717000 3838
718000 3842
719000 3851
720000 3857
721000 3866
722000 3869
723000 3875
724000 3883
725000 3888
726000 3891
727000 3898
728000 3902
729000 3910
730000 3913
731000 3916
732000 3920
733000 3927
734000 3930
735000 3934
736000 3938
737000 3943
738000 3951
739000 3959
740000 3966
741000 3971
742000 3977
743000 3984
744000 3991
745000 3997
746000 4001
747000 4005
748000 4009
749000 4012
750000 4022
751000 4026
752000 4033
753000 4038
754000 4043
755000 4051
756000 4054
757000 4058
758000 4062
759000 4068
760000 4073
761000 4083
762000 4087
763000 4094
764000 4099
765000 4104
766000 4108
767000 4113
768000 4115
769000 4117
770000 4119
771000 4123
772000 4134
773000 4134
774000 4140
775000 4146
776000 4151
777000 4156
778000 4161
779000 4169
780000 4177
781000 4182
782000 4188
783000 4196
784000 4202
785000 4204
786000 4209
787000 4218
788000 4222
789000 4234
790000 4239
791000 4243
792000 4245
793000 4249
794000 4252
795000 4258
796000 4265
797000 4271
798000 4280
799000 4282
800000 4289
801000 4298
802000 4302
803000 4308
804000 4313
805000 4319
806000 4321
807000 4322
808000 4324
809000 4327
810000 4336
811000 4341
812000 4349
813000 4354
814000 4359
815000 4368
816000 4370
817000 4373
818000 4378
819000 4383
820000 4391
821000 4398
822000 4403
823000 4407
824000 4408
825000 4414
826000 4417
827000 4426
828000 4433
829000 4439
830000 4443
831000 4448
832000 4451
833000 4459
834000 4464
835000 4468
836000 4477
837000 4485
838000 4494
839000 4500
840000 4504
841000 4506
842000 4509
843000 4514
844000 4519
845000 4523
846000 4525
847000 4530
848000 4539
849000 4547
850000 4550
851000 4555
852000 4561
853000 4567
854000 4570
855000 4579
856000 4582
857000 4586
858000 4588
859000 4594
860000 4599
861000 4607
862000 4607
863000 4611
864000 4620
865000 4623
866000 4626
867000 4629
868000 4638
869000 4643
870000 4647
871000 4649
872000 4652
873000 4655
874000 4659
875000 4660
876000 4662
877000 4663
878000 4668
879000 4670
880000 4673
881000 4677
882000 4680
883000 4691
884000 4696
885000 4701
886000 4705
887000 4710
888000 4716
889000 4720
890000 4722
891000 4725
892000 4732
893000 4736
894000 4736
895000 4743
896000 4748
897000 4752
898000 4759
899000 4762
900000 4769
901000 4773
902000 4780
903000 4783
904000 4787
905000 4790
906000 4797
907000 4805
908000 4809
909000 4813
910000 4817
911000 4822
912000 4831
913000 4833
914000 4839
915000 4845
916000 4849
917000 4854
918000 4861
919000 4866
920000 4873
921000 4877
922000 4883
923000 4894
924000 4899
925000 4902
926000 4904
927000 4909
928000 4914
929000 4923
930000 4929
931000 4935
932000 4946
933000 4952
934000 4956
935000 4960
936000 4965
937000 4971
938000 4981
939000 4982
940000 4982
941000 4984
942000 4989
943000 4993
944000 4999
945000 5002
946000 5003
947000 5006
948000 5012
949000 5020
950000 5024
951000 5032
952000 5037
953000 5041
954000 5043
955000 5054
956000 5057
957000 5062
958000 5069
959000 5072
960000 5076
961000 5082
962000 5089
963000 5097
964000 5099
965000 5100
966000 5107
967000 5112
968000 5120
969000 5125
970000 5130
971000 5135
972000 5144
973000 5147
974000 5151
975000 5155
976000 5163
977000 5170
978000 5182
979000 5187
980000 5190
981000 5199
982000 5203
983000 5210
984000 5211
985000 5219
986000 5223
987000 5229
988000 5232
989000 5237
990000 5251
991000 5259
992000 5264
993000 5269
994000 5274
995000 5278
996000 5285
997000 5292
998000 5299
999000 5302
1000000 5307
1001000 5310
1002000 5318
1003000 5327
1004000 5335
1005000 5340
1006000 5344
1007000 5349
1008000 5354
1009000 5357
1010000 5365
1011000 5373
1012000 5380
1013000 5386
1014000 5392
1015000 5396
1016000 5399
1017000 5411
1018000 5416
1019000 5422
1020000 5430
1021000 5435
1022000 5437
1023000 5440
1024000 5444
1025000 5451
1026000 5459
1027000 5462
1028000 5465
1029000 5469
1030000 5475
1031000 5476
1032000 5482
1033000 5487
1034000 5493
1035000 5493
1036000 5496
1037000 5502
1038000 5506
1039000 5509
1040000 5515
1041000 5520
1042000 5532
1043000 5533
1044000 5537
1045000 5543
1046000 5551
1047000 5555
1048000 5557
1049000 5563
1050000 5568
1051000 5572
1052000 5574
1053000 5577
1054000 5585
1055000 5592
1056000 5602
1057000 5610
1058000 5613
1059000 5617
1060000 5623
1061000 5630
1062000 5637
1063000 5648
1064000 5656
1065000 5668
1066000 5676
1067000 5679
1068000 5685
1069000 5691
1070000 5699
1071000 5705
1072000 5715
1073000 5722
1074000 5729
1075000 5732
1076000 5736
1077000 5742
1078000 5747
1079000 5755
1080000 5762
1081000 5771
1082000 5775
1083000 5781
1084000 5788
1085000 5793
1086000 5799
1087000 5803
1088000 5807
1089000 5814
1090000 5825
1091000 5830
1092000 5837
1093000 5847
1094000 5853
1095000 5857
1096000 5862
1097000 5866
1098000 5868
1099000 5874
1100000 5880
1101000 5882
1102000 5893
1103000 5900
1104000 5904
1105000 5916
1106000 5920
1107000 5925
1108000 5933
1109000 5941
1110000 5946
1111000 5949
1112000 5956
1113000 5961
1114000 5968
1115000 5970
1116000 5973
1117000 5977
1118000 5986
1119000 5987
1120000 5992
1121000 5998
1122000 6002
1123000 6005
1124000 6009
1125000 6014
1126000 6018
1127000 6024
1128000 6028
1129000 6032
1130000 6035
1131000 6038
1132000 6044
1133000 6051
1134000 6055
1135000 6067
1136000 6078
1137000 6080
1138000 6084
1139000 6095
1140000 6100
1141000 6104
1142000 6110
1143000 6115
1144000 6120
1145000 6123
1146000 6129
1147000 6133
1148000 6134
1149000 6138
1150000 6141
1151000 6147
1152000 6151
1153000 6156
1154000 6161
1155000 6166
1156000 6172
1157000 6179
1158000 6183
1159000 6189
1160000 6192
1161000 6195
1162000 6201
1163000 6203
1164000 6207
1165000 6212
1166000 6218
1167000 6221
1168000 6228
1169000 6230
1170000 6239
1171000 6245
1172000 6252
1173000 6261
1174000 6269
1175000 6271
1176000 6275
1177000 6283
1178000 6292
1179000 6297
1180000 6300
1181000 6306
1182000 6307
1183000 6311
1184000 6320
1185000 6324
1186000 6328
1187000 6334
1188000 6339
1189000 6345
1190000 6350
1191000 6355
1192000 6367
1193000 6374
1194000 6379
1195000 6382
1196000 6389
1197000 6395
1198000 6400
1199000 6408
1200000 6416
1201000 6428
1202000 6434
1203000 6445
1204000 6449
1205000 6459
1206000 6466
1207000 6472
1208000 6476
1209000 6484
1210000 6488
1211000 6494
1212000 6501
1213000 6511
1214000 6521
1215000 6526
1216000 6533
1217000 6537
1218000 6542
1219000 6548
1220000 6552
1221000 6557
1222000 6560
1223000 6565
1224000 6570
1225000 6577
1226000 6581
1227000 6588
1228000 6593
1229000 6606
1230000 6614
1231000 6622
1232000 6631
1233000 6637
1234000 6647
1235000 6652
1236000 6657
1237000 6662
1238000 6669
1239000 6674
1240000 6677
1241000 6688
1242000 6690
1243000 6693
1244000 6697
1245000 6705
1246000 6711
1247000 6715
1248000 6723
1249000 6731
1250000 6738
1251000 6742
1252000 6749
1253000 6755
1254000 6759
1255000 6763
1256000 6770
1257000 6771
1258000 6782
1259000 6790
1260000 6797
1261000 6808
1262000 6815
1263000 6823
1264000 6830
1265000 6839
1266000 6844
1267000 6855
1268000 6858
1269000 6863
1270000 6865
1271000 6873
1272000 6880
1273000 6884
1274000 6889
1275000 6891
1276000 6898
1277000 6904
1278000 6906
1279000 6911
1280000 6917
1281000 6922
1282000 6928
1283000 6935
1284000 6940
1285000 6944
1286000 6947
1287000 6955
1288000 6959
1289000 6964
1290000 6972
1291000 6984
1292000 6994
1293000 6999
1294000 7005
1295000 7010
1296000 7017
1297000 7026
1298000 7033
1299000 7040
1300000 7043
1301000 7048
1302000 7055
1303000 7064
1304000 7069
1305000 7076
1306000 7080
1307000 7082
1308000 7085
1309000 7087
1310000 7089
1311000 7097
1312000 7103
1313000 7112
1314000 7115
1315000 7117
1316000 7123
1317000 7127
1318000 7133
1319000 7136
1320000 7141
1321000 7145
1322000 7152
1323000 7162
1324000 7168
1325000 7172
1326000 7178
1327000 7181
1328000 7190
1329000 7196
1330000 7199
1331000 7201
1332000 7208
1333000 7211
1334000 7221
1335000 7227
1336000 7233
1337000 7238
1338000 7242
1339000 7249
1340000 7255
1341000 7259
1342000 7263
1343000 7269
1344000 7272
1345000 7278
1346000 7284
1347000 7289
1348000 7292
1349000 7301
1350000 7311
1351000 7319
1352000 7329
1353000 7332
1354000 7336
1355000 7338
1356000 7342
1357000 7349
1358000 7355
1359000 7364
1360000 7372
1361000 7377
1362000 7379
1363000 7382
1364000 7390
1365000 7398
1366000 7403
1367000 7409
1368000 7415
1369000 7422
1370000 7427
1371000 7432
1372000 7442
1373000 7446
1374000 7449
1375000 7454
1376000 7457
1377000 7465
1378000 7473
1379000 7482
1380000 7488
1381000 7498
1382000 7503
1383000 7508
1384000 7516
1385000 7521
1386000 7528
1387000 7533
1388000 7547
1389000 7557
1390000 7564
1391000 7567
1392000 7575
1393000 7580
1394000 7586
1395000 7596
1396000 7602
1397000 7610
1398000 7618
1399000 7625
1400000 7629
1401000 7636
1402000 7639
1403000 7643
1404000 7649
1405000 7660
1406000 7665
1407000 7674
1408000 7683
1409000 7692
1410000 7695
1411000 7704
1412000 7711
1413000 7716
1414000 7722
1415000 7727
1416000 7734
1417000 7743
1418000 7749
1419000 7757
1420000 7765
1421000 7772
1422000 7784
1423000 7789
1424000 7792
1425000 7795
1426000 7799
1427000 7806
1428000 7810
1429000 7815
1430000 7821
1431000 7828
1432000 7835
1433000 7843
1434000 7851
1435000 7853
1436000 7856
1437000 7862
1438000 7870
1439000 7881
1440000 7884
1441000 7890
1442000 7898
1443000 7903
1444000 7909
1445000 7915
1446000 7920
1447000 7927
1448000 7935
1449000 7948
1450000 7958
1451000 7964
1452000 7975
1453000 7984
1454000 7989
1455000 7992
1456000 7998
1457000 8009
1458000 8012
1459000 8018
1460000 8024
1461000 8028
1462000 8037
1463000 8045
1464000 8053
1465000 8057
1466000 8062
1467000 8068
1468000 8071
1469000 8083
1470000 8093
1471000 8104
1472000 8113
1473000 8121
1474000 8127
1475000 8138
1476000 8148
1477000 8151
1478000 8155
1479000 8161
1480000 8167
1481000 8169
1482000 8171
1483000 8175
1484000 8182
1485000 8187
1486000 8190
1487000 8196
1488000 8202
1489000 8209
1490000 8212
1491000 8218
1492000 8223
1493000 8230
1494000 8241
1495000 8246
1496000 8251
1497000 8259
1498000 8267
1499000 8272
1500000 8281
1501000 8287
1502000 8294
1503000 8301
1504000 8307
1505000 8312
1506000 8316
1507000 8322
1508000 8324
1509000 8330
1510000 8337
1511000 8351
1512000 8357
1513000 8361
1514000 8365
1515000 8370
1516000 8375
1517000 8382
1518000 8386
1519000 8387
1520000 8390
1521000 8397
1522000 8408
1523000 8409
1524000 8415
1525000 8420
1526000 8423
1527000 8433
1528000 8439
1529000 8442
1530000 8448
1531000 8453
1532000 8460
1533000 8465
1534000 8471
1535000 8481
1536000 8490
1537000 8496
1538000 8501
1539000 8507
1540000 8512
1541000 8516
1542000 8525
1543000 8532
1544000 8541
1545000 8546
1546000 8553
1547000 8557
1548000 8564
1549000 8573
1550000 8580
1551000 8586
1552000 8596
1553000 8598
1554000 8600
1555000 8606
1556000 8614
1557000 8618
1558000 8625
1559000 8631
1560000 8636
1561000 8642
1562000 8649
1563000 8658
1564000 8669
1565000 8676
1566000 8685
1567000 8692
1568000 8700
1569000 8703
1570000 8706
1571000 8713
1572000 8718
1573000 8727
1574000 8737
1575000 8747
1576000 8753
1577000 8759
1578000 8763
1579000 8772
1580000 8776
1581000 8783
1582000 8789
1583000 8795
1584000 8800
1585000 8805
1586000 8815
1587000 8820
1588000 8824
1589000 8832
1590000 8839
1591000 8847
1592000 8855
1593000 8867
1594000 8873
1595000 8876
1596000 8878
1597000 8885
1598000 8890
1599000 8893
1600000 8899
1601000 8908
1602000 8917
1603000 8920
1604000 8928
1605000 8934
1606000 8942
1607000 8950
1608000 8958
1609000 8967
1610000 8972
1611000 8978
1612000 8986
1613000 8990
1614000 8997
1615000 9002
1616000 9005
1617000 9015
1618000 9022
1619000 9026
1620000 9034
1621000 9037
1622000 9042
1623000 9050
1624000 9057
1625000 9060
1626000 9066
1627000 9071
1628000 9077
1629000 9079
1630000 9085
1631000 9088
1632000 9090
1633000 9100
1634000 9108
1635000 9114
1636000 9121
1637000 9127
1638000 9133
1639000 9139
1640000 9142
1641000 9148
1642000 9151
1643000 9154
1644000 9160
1645000 9166
1646000 9170
1647000 9176
1648000 9177
1649000 9181
1650000 9187
1651000 9192
1652000 9196
1653000 9207
1654000 9210
1655000 9216
1656000 9221
1657000 9229
1658000 9240
1659000 9247
1660000 9252
1661000 9254
1662000 9258
1663000 9265
1664000 9270
1665000 9275
1666000 9280
1667000 9290
1668000 9297
1669000 9304
1670000 9312
1671000 9322
1672000 9332
1673000 9342
1674000 9350
1675000 9356
1676000 9364
1677000 9367
1678000 9370
1679000 9376
1680000 9378
1681000 9384
1682000 9388
1683000 9393
1684000 9397
1685000 9407
1686000 9416
1687000 9423
1688000 9427
1689000 9435
1690000 9442
1691000 9450
1692000 9455
1693000 9459
1694000 9462
1695000 9469
1696000 9474
1697000 9486
1698000 9494
1699000 9497
1700000 9499
1701000 9505
1702000 9509
1703000 9516
1704000 9519
1705000 9523
1706000 9528
1707000 9538
1708000 9547
1709000 9551
1710000 9557
1711000 9566
1712000 9573
1713000 9575
1714000 9579
1715000 9587
1716000 9591
1717000 9595
1718000 9595
1719000 9599
1720000 9601
1721000 9607
1722000 9609
1723000 9616
1724000 9619
1725000 9622
1726000 9627
1727000 9637
1728000 9639
1729000 9644
1730000 9649
1731000 9653
1732000 9659
1733000 9667
1734000 9672
1735000 9677
1736000 9685
1737000 9693
1738000 9700
1739000 9706
1740000 9713
1741000 9715
1742000 9718
1743000 9723
1744000 9729
1745000 9734
1746000 9742
1747000 9746
1748000 9753
1749000 9762
1750000 9769
1751000 9773
1752000 9784
1753000 9789
1754000 9791
1755000 9797
1756000 9804
1757000 9813
1758000 9828
1759000 9837
1760000 9844
1761000 9851
1762000 9855
1763000 9862
1764000 9869
1765000 9877
1766000 9882
1767000 9890
1768000 9898
1769000 9913
1770000 9920
1771000 9923
1772000 9932
1773000 9940
1774000 9947
1775000 9954
1776000 9957
1777000 9962
1778000 9972
1779000 9980
1780000 9985
1781000 9994
1782000 9999
1783000 10003
1784000 10005
1785000 10009
1786000 10018
1787000 10027
1788000 10031
1789000 10037
1790000 10044
1791000 10053
1792000 10061
1793000 10067
1794000 10076
1795000 10084
1796000 10091
1797000 10095
1798000 10102
1799000 10108
1800000 10115
1801000 10120
1802000 10123
1803000 10126
1804000 10128
1805000 10132
1806000 10141
1807000 10147
1808000 10153
1809000 10157
1810000 10166
1811000 10174
1812000 10176
1813000 10182
1814000 10192
1815000 10199
1816000 10202
1817000 10207
1818000 10208
1819000 10212
1820000 10219
1821000 10228
1822000 10235
1823000 10239
1824000 10243
1825000 10253
1826000 10260
1827000 10269
1828000 10275
1829000 10287
1830000 10296
1831000 10302
1832000 10308
1833000 10314
1834000 10321
1835000 10329
1836000 10337
1837000 10343
1838000 10349
1839000 10361
1840000 10372
1841000 10380
1842000 10391
1843000 10393
1844000 10400
1845000 10407
1846000 10416
1847000 10421
1848000 10426
1849000 10433
1850000 10436
1851000 10442
1852000 10448
1853000 10455
1854000 10463
1855000 10466
1856000 10470
1857000 10483
1858000 10488
1859000 10493
1860000 10502
1861000 10506
1862000 10512
1863000 10519
1864000 10527
1865000 10533
1866000 10539
1867000 10548
1868000 10553
1869000 10563
1870000 10568
1871000 10576
1872000 10580
1873000 10586
1874000 10589
1875000 10596
1876000 10606
1877000 10609
1878000 10617
1879000 10617
1880000 10626
1881000 10629
1882000 10636
1883000 10640
1884000 10645
1885000 10655
1886000 10656
1887000 10665
1888000 10673
1889000 10677
1890000 10680
1891000 10685
1892000 10687
1893000 10688
1894000 10694
1895000 10698
1896000 10706
1897000 10714
1898000 10720
1899000 10727
1900000 10730
1901000 10734
1902000 10742
1903000 10751
1904000 10753
1905000 10756
1906000 10761
1907000 10767
1908000 10773
1909000 10778
1910000 10783
1911000 10785
1912000 10793
1913000 10799
1914000 10800
1915000 10807
1916000 10814
1917000 10817
1918000 10823
1919000 10825
1920000 10832
1921000 10842
1922000 10845
1923000 10851
1924000 10854
1925000 10862
1926000 10869
1927000 10877
1928000 10881
1929000 10891
1930000 10904
1931000 10910
1932000 10913
1933000 10918
1934000 10922
1935000 10933
1936000 10941
1937000 10947
1938000 10950
1939000 10957
1940000 10961
1941000 10968
1942000 10972
1943000 10976
1944000 10987
1945000 10996
1946000 11000
1947000 11007
1948000 11013
1949000 11018
1950000 11022
1951000 11023
1952000 11033
1953000 11040
1954000 11048
1955000 11053
1956000 11057
1957000 11060
1958000 11068
1959000 11074
1960000 11083
1961000 11089
1962000 11100
1963000 11103
1964000 11107
1965000 11111
1966000 11111
1967000 11114
1968000 11117
1969000 11123
1970000 11128
1971000 11135
1972000 11143
1973000 11149
1974000 11157
1975000 11164
1976000 11166
1977000 11172
1978000 11176
1979000 11184
1980000 11192
1981000 11199
1982000 11209
1983000 11212
1984000 11214
1985000 11220
1986000 11231
1987000 11235
1988000 11240
1989000 11246
1990000 11255
1991000 11260
1992000 11263
1993000 11269
1994000 11272
1995000 11278
1996000 11281
1997000 11290
1998000 11294
1999000 11301
2000000 11306
