# runs cumulative_reorders
1000 210
2000 400
3000 604
4000 760
5000 939
6000 1112
7000 1275
8000 1451
9000 1615
10000 1797
11000 1959
12000 2142
13000 2311
14000 2484
15000 2655
16000 2847
17000 3022
18000 3187
19000 3351
20000 3502
21000 3693
22000 3870
23000 4049
24000 4232
25000 4418
26000 4573
27000 4751
28000 4933
29000 5092
30000 5276
31000 5466
32000 5650
33000 5825
34000 6014
35000 6208
36000 6375
37000 6551
38000 6713
39000 6883
40000 7055
41000 7207
42000 7402
43000 7591
44000 7774
45000 7981
46000 8165
47000 8343
48000 8521
49000 8690
50000 8867
51000 9042
52000 9223
53000 9403
54000 9570
55000 9734
56000 9894
57000 10056
58000 10226
59000 10396
60000 10573
61000 10769
62000 10931
63000 11090
64000 11236
65000 11399
66000 11567
67000 11721
68000 11891
69000 12061
70000 12232
71000 12416
72000 12588
73000 12753
74000 12917
75000 13096
76000 13276
77000 13462
78000 13619
79000 13813
80000 13995
81000 14162
82000 14333
83000 14513
84000 14699
85000 14870
86000 15057
87000 15221
88000 15388
89000 15555
90000 15747
91000 15936
92000 16106
93000 16257
94000 16444
95000 16619
96000 16790
97000 16971
98000 17169
99000 17346
100000 17543
101000 17729
102000 17896
103000 18082
104000 18291
105000 18481
106000 18656
107000 18828
108000 19011
109000 19195
110000 19364
111000 19497
112000 19677
113000 19874
114000 20056
115000 20239
116000 20404
117000 20582
118000 20753
119000 20924
120000 21111
121000 21298
122000 21488
123000 21681
124000 21858
125000 22040
126000 22215
127000 22410
128000 22568
129000 22754
130000 22938
131000 23136
132000 23286
133000 23470
134000 23644
135000 23825
136000 24013
137000 24198
138000 24361
139000 24560
140000 24753
141000 24911
142000 25106
143000 25283
144000 25469
145000 25651
146000 25820
147000 26000
148000 26184
149000 26345
150000 26513
151000 26690
152000 26857
153000 27050
154000 27250
155000 27425
156000 27626
157000 27812
158000 27990
159000 28183
160000 28353
161000 28528
162000 28718
163000 28867
164000 29026
165000 29192
166000 29358
167000 29546
168000 29710
169000 29862
170000 30024
171000 30204
172000 30384
173000 30554
174000 30733
175000 30920
176000 31106
177000 31267
178000 31435
179000 31599
180000 31747
181000 31912
182000 32091
183000 32254
184000 32406
185000 32618
186000 32807
187000 32981
188000 33142
189000 33323
190000 33510
191000 33696
192000 33870
193000 34047
194000 34220
195000 34389
196000 34597
197000 34781
198000 34947
199000 35127
200000 35293
201000 35477
202000 35649
203000 35831
204000 36007
205000 36195
206000 36368
207000 36553
208000 36719
209000 36891
210000 37065
211000 37249
212000 37444
213000 37593
214000 37765
215000 37942
216000 38086
217000 38254
218000 38422
219000 38605
220000 38787
221000 38943
222000 39145
223000 39309
224000 39486
225000 39648
226000 39823
227000 40000
228000 40201
229000 40357
230000 40526
231000 40689
232000 40859
233000 41044
234000 41222
235000 41399
236000 41568
237000 41752
238000 41902
239000 42069
240000 42233
241000 42408
242000 42595
243000 42761
244000 42937
245000 43117
246000 43309
247000 43499
248000 43681
249000 43872
250000 44035
251000 44208
252000 44401
253000 44585
254000 44754
255000 44933
256000 45117
257000 45282
258000 45456
259000 45631
260000 45790
261000 45965
262000 46139
263000 46298
264000 46471
265000 46649
266000 46822
267000 46985
268000 47169
269000 47342
270000 47527
271000 47722
272000 47925
273000 48100
274000 48284
275000 48482
276000 48654
277000 48849
278000 49040
279000 49208
280000 49378
281000 49565
282000 49711
283000 49897
284000 50055
285000 50246
286000 50432
287000 50609
288000 50788
289000 50972
290000 51137
291000 51309
292000 51490
293000 51668
294000 51856
295000 52036
296000 52213
297000 52404
298000 52580
299000 52747
300000 52925
301000 53112
302000 53289
303000 53483
304000 53673
305000 53830
306000 53995
307000 54169
308000 54370
309000 54558
310000 54735
311000 54914
312000 55118
313000 55303
314000 55479
315000 55660
316000 55854
317000 56024
318000 56206
319000 56383
320000 56573
321000 56762
322000 56952
323000 57154
324000 57316
325000 57498
326000 57665
327000 57846
328000 58015
329000 58186
330000 58377
331000 58551
332000 58728
333000 58899
334000 59068
335000 59262
336000 59454
337000 59632
338000 59798
339000 59981
340000 60153
341000 60311
342000 60517
343000 60699
344000 60871
345000 61051
346000 61239
347000 61417
348000 61600
349000 61777
350000 61946
351000 62143
352000 62303
353000 62502
354000 62658
355000 62835
356000 63012
357000 63201
358000 63371
359000 63527
360000 63715
361000 63865
362000 64037
363000 64196
364000 64350
365000 64515
366000 64699
367000 64884
368000 65074
369000 65272
370000 65443
371000 65597
372000 65779
373000 65939
374000 66110
375000 66304
376000 66473
377000 66647
378000 66782
379000 66961
380000 67128
381000 67279
382000 67447
383000 67599
384000 67767
385000 67939
386000 68111
387000 68299
388000 68470
389000 68639
390000 68820
391000 69009
392000 69192
393000 69353
394000 69535
395000 69740
396000 69940
397000 70113
398000 70312
399000 70496
400000 70672
401000 70860
402000 71015
403000 71180
404000 71348
405000 71552
406000 71710
407000 71866
408000 72033
409000 72220
410000 72391
411000 72564
412000 72745
413000 72928
414000 73111
415000 73290
416000 73485
417000 73667
418000 73873
419000 74072
420000 74241
421000 74426
422000 74612
423000 74800
424000 74971
425000 75140
426000 75345
427000 75521
428000 75708
429000 75892
430000 76095
431000 76283
432000 76463
433000 76637
434000 76842
435000 77048
436000 77229
437000 77429
438000 77633
439000 77814
440000 77987
441000 78176
442000 78347
443000 78520
444000 78692
445000 78876
446000 79063
447000 79237
448000 79431
449000 79593
450000 79770
451000 79948
452000 80133
453000 80312
454000 80485
455000 80686
456000 80888
457000 81060
458000 81262
459000 81444
460000 81615
461000 81800
462000 81958
463000 82141
464000 82309
465000 82499
466000 82675
467000 82848
468000 83016
469000 83191
470000 83369
471000 83554
472000 83725
473000 83904
474000 84093
475000 84282
476000 84441
477000 84619
478000 84787
479000 84960
480000 85153
481000 85330
482000 85527
483000 85714
484000 85878
485000 86047
486000 86228
487000 86413
488000 86611
489000 86789
490000 86976
491000 87165
492000 87361
493000 87545
494000 87728
495000 87914
496000 88105
497000 88282
498000 88460
499000 88648
500000 88810
501000 88993
502000 89163
503000 89330
504000 89495
505000 89671
506000 89831
507000 90021
508000 90196
509000 90384
510000 90574
511000 90761
512000 90942
513000 91122
514000 91313
515000 91507
516000 91675
517000 91850
518000 92006
519000 92177
520000 92359
521000 92531
522000 92708
523000 92879
524000 93063
525000 93244
526000 93421
527000 93618
528000 93817
529000 93984
530000 94153
531000 94334
532000 94507
533000 94683
534000 94855
535000 95033
536000 95229
537000 95427
538000 95596
539000 95781
540000 95964
541000 96142
542000 96305
543000 96507
544000 96695
545000 96852
546000 97039
547000 97226
548000 97393
549000 97556
550000 97718
551000 97873
552000 98041
553000 98236
554000 98404
555000 98596
556000 98763
557000 98966
558000 99131
559000 99295
560000 99466
561000 99655
562000 99838
563000 100050
564000 100239
565000 100416
566000 100604
567000 100752
568000 100928
569000 101086
570000 101265
571000 101445
572000 101638
573000 101837
574000 101996
575000 102186
576000 102373
577000 102534
578000 102711
579000 102903
580000 103085
581000 103263
582000 103439
583000 103633
584000 103824
585000 104030
586000 104201
587000 104384
588000 104557
589000 104745
590000 104901
591000 105068
592000 105254
593000 105456
594000 105634
595000 105814
596000 105982
597000 106166
598000 106351
599000 106526
600000 106705
601000 106887
602000 107081
603000 107264
604000 107425
605000 107588
606000 107783
607000 107979
608000 108164
609000 108358
610000 108535
611000 108730
612000 108936
613000 109091
614000 109272
615000 109443
616000 109634
617000 109787
618000 109957
619000 110140
620000 110307
621000 110477
622000 110680
623000 110858
624000 111028
625000 111201
626000 111389
627000 111563
628000 111743
629000 111939
630000 112126
631000 112296
632000 112472
633000 112671
634000 112866
635000 113033
636000 113207
637000 113387
638000 113566
639000 113758
640000 113932
641000 114130
642000 114316
643000 114510
644000 114669
645000 114846
646000 115013
647000 115176
648000 115368
649000 115563
650000 115741
651000 115923
652000 116099
653000 116295
654000 116469
655000 116641
656000 116834
657000 117016
658000 117202
659000 117393
660000 117595
661000 117782
662000 117956
663000 118134
664000 118303
665000 118495
666000 118671
667000 118887
668000 119070
669000 119248
670000 119433
671000 119622
672000 119793
673000 119971
674000 120149
675000 120324
676000 120509
677000 120701
678000 120874
679000 121086
680000 121281
681000 121465
682000 121643
683000 121828
684000 122029
685000 122208
686000 122403
687000 122584
688000 122751
689000 122917
690000 123112
691000 123291
692000 123492
693000 123658
694000 123844
695000 124011
696000 124172
697000 124360
698000 124536
699000 124718
700000 124879
701000 125039
702000 125214
703000 125375
704000 125569
705000 125766
706000 125937
707000 126104
708000 126253
709000 126428
710000 126595
711000 126783
712000 126954
713000 127147
714000 127327
715000 127505
716000 127677
717000 127859
718000 128034
719000 128224
720000 128387
721000 128560
722000 128744
723000 128924
724000 129117
725000 129313
726000 129518
727000 129713
728000 129890
729000 130082
730000 130267
731000 130443
732000 130624
733000 130809
734000 130994
735000 131167
736000 131340
737000 131518
738000 131704
739000 131885
740000 132091
741000 132279
742000 132468
743000 132649
744000 132845
745000 133037
746000 133216
747000 133379
748000 133548
749000 133729
750000 133909
751000 134100
752000 134287
753000 134459
754000 134630
755000 134807
756000 134988
757000 135151
758000 135317
759000 135510
760000 135672
761000 135862
762000 136051
763000 136242
764000 136407
765000 136601
766000 136753
767000 136929
768000 137132
769000 137352
770000 137512
771000 137705
772000 137898
773000 138073
774000 138251
775000 138426
776000 138615
777000 138789
778000 138965
779000 139128
780000 139283
781000 139454
782000 139642
783000 139816
784000 139979
785000 140160
786000 140326
787000 140499
788000 140710
789000 140900
790000 141110
791000 141289
792000 141472
793000 141657
794000 141841
795000 142021
796000 142195
797000 142388
798000 142555
799000 142742
800000 142936
801000 143108
802000 143299
803000 143481
804000 143646
805000 143840
806000 144000
807000 144190
808000 144378
809000 144554
810000 144762
811000 144944
812000 145129
813000 145312
814000 145473
815000 145654
816000 145831
817000 146002
818000 146159
819000 146323
820000 146505
821000 146665
822000 146872
823000 147043
824000 147221
825000 147394
826000 147578
827000 147765
828000 147970
829000 148149
830000 148344
831000 148530
832000 148726
833000 148909
834000 149077
835000 149241
836000 149416
837000 149604
838000 149759
839000 149953
840000 150144
841000 150330
842000 150522
843000 150706
844000 150875
845000 151071
846000 151238
847000 151404
848000 151596
849000 151789
850000 151958
851000 152131
852000 152302
853000 152496
854000 152679
855000 152840
856000 152996
857000 153162
858000 153352
859000 153531
860000 153711
861000 153892
862000 154056
863000 154243
864000 154434
865000 154578
866000 154755
867000 154920
868000 155122
869000 155307
870000 155472
871000 155649
872000 155827
873000 156020
874000 156198
875000 156373
876000 156555
877000 156751
878000 156936
879000 157118
880000 157295
881000 157470
882000 157651
883000 157829
884000 158007
885000 158182
886000 158362
887000 158558
888000 158732
889000 158896
890000 159080
891000 159261
892000 159457
893000 159648
894000 159821
895000 159984
896000 160171
897000 160349
898000 160542
899000 160701
900000 160860
901000 161052
902000 161255
903000 161460
904000 161644
905000 161819
906000 161983
907000 162176
908000 162337
909000 162529
910000 162706
911000 162898
912000 163075
913000 163270
914000 163444
915000 163633
916000 163823
917000 164003
918000 164158
919000 164309
920000 164479
921000 164651
922000 164823
923000 165004
924000 165207
925000 165390
926000 165554
927000 165710
928000 165905
929000 166082
930000 166239
931000 166417
932000 166610
933000 166791
934000 166955
935000 167134
936000 167321
937000 167525
938000 167705
939000 167877
940000 168062
941000 168231
942000 168428
943000 168596
944000 168769
945000 168951
946000 169125
947000 169291
948000 169460
949000 169618
950000 169799
951000 169967
952000 170131
953000 170325
954000 170505
955000 170689
956000 170874
957000 171053
958000 171220
959000 171407
960000 171590
961000 171788
962000 171952
963000 172153
964000 172330
965000 172520
966000 172705
967000 172901
968000 173103
969000 173288
970000 173460
971000 173640
972000 173824
973000 174013
974000 174209
975000 174388
976000 174559
977000 174723
978000 174906
979000 175078
980000 175248
981000 175409
982000 175590
983000 175764
984000 175946
985000 176110
986000 176312
987000 176496
988000 176669
989000 176853
990000 177018
991000 177188
992000 177359
993000 177532
994000 177676
995000 177859
996000 178049
997000 178212
998000 178385
999000 178563
1000000 178767
1001000 178943
1002000 179104
1003000 179285
1004000 179463
1005000 179626
1006000 179824
1007000 179993
1008000 180168
1009000 180347
1010000 180516
1011000 180709
1012000 180910
1013000 181071
1014000 181239
1015000 181421
1016000 181579
1017000 181759
1018000 181956
1019000 182137
1020000 182333
1021000 182513
1022000 182719
1023000 182912
1024000 183089
1025000 183293
1026000 183495
1027000 183680
1028000 183845
1029000 184030
1030000 184208
1031000 184393
1032000 184571
1033000 184747
1034000 184938
1035000 185108
1036000 185285
1037000 185486
1038000 185681
1039000 185868
1040000 186056
1041000 186213
1042000 186408
1043000 186589
1044000 186789
1045000 186983
1046000 187151
1047000 187335
1048000 187490
1049000 187681
1050000 187875
1051000 188062
1052000 188228
1053000 188412
1054000 188611
1055000 188783
1056000 188962
1057000 189138
1058000 189308
1059000 189495
1060000 189684
1061000 189878
1062000 190065
1063000 190226
1064000 190423
1065000 190610
1066000 190783
1067000 190967
1068000 191150
1069000 191336
1070000 191540
1071000 191726
1072000 191903
1073000 192064
1074000 192252
1075000 192435
1076000 192625
1077000 192823
1078000 192978
1079000 193148
1080000 193348
1081000 193515
1082000 193703
1083000 193889
1084000 194072
1085000 194251
1086000 194428
1087000 194586
1088000 194759
1089000 194948
1090000 195139
1091000 195308
1092000 195463
1093000 195653
1094000 195853
1095000 196045
1096000 196211
1097000 196380
1098000 196552
1099000 196747
1100000 196933
1101000 197104
1102000 197292
1103000 197453
1104000 197625
1105000 197803
1106000 197999
1107000 198178
1108000 198373
1109000 198557
1110000 198744
1111000 198923
1112000 199112
1113000 199310
1114000 199477
1115000 199647
1116000 199815
1117000 199988
1118000 200182
1119000 200358
1120000 200535
1121000 200722
1122000 200911
1123000 201096
1124000 201260
1125000 201442
1126000 201619
1127000 201791
1128000 201965
1129000 202132
1130000 202307
1131000 202480
1132000 202668
1133000 202872
1134000 203040
1135000 203219
1136000 203401
1137000 203569
1138000 203757
1139000 203964
1140000 204147
1141000 204312
1142000 204485
1143000 204662
1144000 204867
1145000 205068
1146000 205242
1147000 205415
1148000 205583
1149000 205778
1150000 205962
1151000 206154
1152000 206317
1153000 206483
1154000 206667
1155000 206861
1156000 207074
1157000 207229
1158000 207429
1159000 207611
1160000 207806
1161000 207977
1162000 208154
1163000 208330
1164000 208494
1165000 208679
1166000 208865
1167000 209038
1168000 209195
1169000 209385
1170000 209557
1171000 209714
1172000 209871
1173000 210058
1174000 210239
1175000 210426
1176000 210609
1177000 210781
1178000 210969
1179000 211166
1180000 211338
1181000 211531
1182000 211716
1183000 211870
1184000 212040
1185000 212225
1186000 212407
1187000 212589
1188000 212780
1189000 212979
1190000 213177
1191000 213390
1192000 213597
1193000 213781
1194000 213971
1195000 214142
1196000 214310
1197000 214497
1198000 214649
1199000 214821
1200000 214993
1201000 215183
1202000 215368
1203000 215538
1204000 215707
1205000 215868
1206000 216039
1207000 216248
1208000 216429
1209000 216613
1210000 216801
1211000 216959
1212000 217127
1213000 217300
1214000 217484
1215000 217651
1216000 217833
1217000 218052
1218000 218219
1219000 218421
1220000 218611
1221000 218793
1222000 218958
1223000 219116
1224000 219293
1225000 219491
1226000 219666
1227000 219857
1228000 220035
1229000 220208
1230000 220387
1231000 220563
1232000 220732
1233000 220906
1234000 221076
1235000 221246
1236000 221434
1237000 221610
1238000 221779
1239000 221949
1240000 222133
1241000 222337
1242000 222516
1243000 222692
1244000 222849
1245000 223017
1246000 223191
1247000 223369
1248000 223549
1249000 223730
1250000 223927
1251000 224108
1252000 224293
1253000 224471
1254000 224630
1255000 224799
1256000 224974
1257000 225157
1258000 225330
1259000 225527
1260000 225700
1261000 225877
1262000 226054
1263000 226229
1264000 226394
1265000 226580
1266000 226768
1267000 226965
1268000 227147
1269000 227316
1270000 227485
1271000 227668
1272000 227834
1273000 228002
1274000 228194
1275000 228377
1276000 228546
1277000 228727
1278000 228917
1279000 229091
1280000 229259
1281000 229439
1282000 229633
1283000 229833
1284000 230022
1285000 230209
1286000 230364
1287000 230536
1288000 230719
1289000 230891
1290000 231077
1291000 231235
1292000 231410
1293000 231576
1294000 231797
1295000 231967
1296000 232123
1297000 232308
1298000 232472
1299000 232648
1300000 232806
1301000 232993
1302000 233159
1303000 233340
1304000 233519
1305000 233697
1306000 233877
1307000 234074
1308000 234223
1309000 234383
1310000 234566
1311000 234743
1312000 234924
1313000 235112
1314000 235274
1315000 235444
1316000 235608
1317000 235786
1318000 235945
1319000 236093
1320000 236288
1321000 236453
1322000 236621
1323000 236814
1324000 236998
1325000 237218
1326000 237425
1327000 237605
1328000 237771
1329000 237943
1330000 238126
1331000 238309
1332000 238488
1333000 238654
1334000 238833
1335000 239011
1336000 239176
1337000 239342
1338000 239520
1339000 239705
1340000 239919
1341000 240105
1342000 240303
1343000 240476
1344000 240662
1345000 240837
1346000 241002
1347000 241170
1348000 241354
1349000 241545
1350000 241750
1351000 241934
1352000 242120
1353000 242299
1354000 242498
1355000 242669
1356000 242851
1357000 243029
1358000 243195
1359000 243374
1360000 243571
1361000 243755
1362000 243931
1363000 244117
1364000 244297
1365000 244493
1366000 244668
1367000 244841
1368000 245014
1369000 245198
1370000 245388
1371000 245570
1372000 245761
1373000 245955
1374000 246152
1375000 246318
1376000 246496
1377000 246679
1378000 246871
1379000 247047
1380000 247216
1381000 247375
1382000 247549
1383000 247714
1384000 247890
1385000 248070
1386000 248280
1387000 248437
1388000 248625
1389000 248800
1390000 248990
1391000 249180
1392000 249372
1393000 249567
1394000 249745
1395000 249917
1396000 250100
1397000 250285
1398000 250451
1399000 250660
1400000 250847
1401000 251015
1402000 251205
1403000 251404
1404000 251569
1405000 251755
1406000 251926
1407000 252122
1408000 252292
1409000 252470
1410000 252651
1411000 252842
1412000 253035
1413000 253243
1414000 253405
1415000 253590
1416000 253757
1417000 253931
1418000 254131
1419000 254301
1420000 254475
1421000 254648
1422000 254833
1423000 255023
1424000 255207
1425000 255407
1426000 255556
1427000 255717
1428000 255881
1429000 256088
1430000 256271
1431000 256444
1432000 256620
1433000 256789
1434000 256962
1435000 257116
1436000 257298
1437000 257492
1438000 257681
1439000 257857
1440000 258046
1441000 258225
1442000 258407
1443000 258584
1444000 258772
1445000 258935
1446000 259096
1447000 259297
1448000 259461
1449000 259628
1450000 259803
1451000 260014
1452000 260184
1453000 260357
1454000 260530
1455000 260676
1456000 260876
1457000 261055
1458000 261236
1459000 261428
1460000 261611
1461000 261782
1462000 261985
1463000 262145
1464000 262320
1465000 262484
1466000 262650
1467000 262814
1468000 262972
1469000 263151
1470000 263321
1471000 263465
1472000 263659
1473000 263842
1474000 264022
1475000 264197
1476000 264373
1477000 264566
1478000 264742
1479000 264919
1480000 265084
1481000 265248
1482000 265432
1483000 265588
1484000 265752
1485000 265943
1486000 266115
1487000 266294
1488000 266470
1489000 266645
1490000 266823
1491000 267009
1492000 267192
1493000 267377
1494000 267558
1495000 267738
1496000 267921
1497000 268118
1498000 268277
1499000 268453
1500000 268628
1501000 268807
1502000 268973
1503000 269146
1504000 269326
1505000 269481
1506000 269652
1507000 269807
1508000 269986
1509000 270174
1510000 270359
1511000 270549
1512000 270727
1513000 270917
1514000 271118
1515000 271304
1516000 271509
1517000 271687
1518000 271861
1519000 272045
1520000 272211
1521000 272420
1522000 272582
1523000 272763
1524000 272952
1525000 273113
1526000 273309
1527000 273486
1528000 273649
1529000 273831
1530000 273990
1531000 274162
1532000 274330
1533000 274518
1534000 274694
1535000 274868
1536000 275066
1537000 275238
1538000 275415
1539000 275619
1540000 275805
1541000 276003
1542000 276193
1543000 276368
1544000 276554
1545000 276713
1546000 276911
1547000 277095
1548000 277261
1549000 277426
1550000 277598
1551000 277754
1552000 277916
1553000 278078
1554000 278253
1555000 278427
1556000 278603
1557000 278779
1558000 278951
1559000 279145
1560000 279311
1561000 279477
1562000 279654
1563000 279826
1564000 279996
1565000 280171
1566000 280350
1567000 280514
1568000 280690
1569000 280862
1570000 281012
1571000 281177
1572000 281346
1573000 281509
1574000 281672
1575000 281833
1576000 281993
1577000 282152
1578000 282330
1579000 282511
1580000 282680
1581000 282869
1582000 283071
1583000 283240
1584000 283421
1585000 283611
1586000 283780
1587000 283955
1588000 284121
1589000 284306
1590000 284449
1591000 284655
1592000 284841
1593000 285020
1594000 285187
1595000 285359
1596000 285546
1597000 285734
1598000 285897
1599000 286064
1600000 286238
1601000 286451
1602000 286637
1603000 286816
1604000 286990
1605000 287152
1606000 287311
1607000 287461
1608000 287609
1609000 287806
1610000 287975
1611000 288158
1612000 288315
1613000 288459
1614000 288624
1615000 288790
1616000 288993
1617000 289209
1618000 289375
1619000 289571
1620000 289745
1621000 289938
1622000 290097
1623000 290290
1624000 290476
1625000 290645
1626000 290822
1627000 291007
1628000 291196
1629000 291378
1630000 291539
1631000 291702
1632000 291880
1633000 292038
1634000 292228
1635000 292425
1636000 292582
1637000 292741
1638000 292904
1639000 293066
1640000 293242
1641000 293422
1642000 293599
1643000 293772
1644000 293956
1645000 294134
1646000 294336
1647000 294519
1648000 294709
1649000 294884
1650000 295073
1651000 295267
1652000 295433
1653000 295618
1654000 295779
1655000 295962
1656000 296143
1657000 296309
1658000 296507
1659000 296663
1660000 296850
1661000 297007
1662000 297193
1663000 297384
1664000 297552
1665000 297733
1666000 297911
1667000 298080
1668000 298273
1669000 298450
1670000 298631
1671000 298825
1672000 299018
1673000 299205
1674000 299382
1675000 299568
1676000 299782
1677000 299958
1678000 300158
1679000 300321
1680000 300501
1681000 300697
1682000 300874
1683000 301054
1684000 301223
1685000 301395
1686000 301563
1687000 301755
1688000 301940
1689000 302137
1690000 302316
1691000 302513
1692000 302698
1693000 302863
1694000 303050
1695000 303219
1696000 303397
1697000 303595
1698000 303781
1699000 303938
1700000 304143
1701000 304318
1702000 304506
1703000 304678
1704000 304849
1705000 305046
1706000 305225
1707000 305392
1708000 305567
1709000 305753
1710000 305923
1711000 306092
1712000 306264
1713000 306454
1714000 306616
1715000 306778
1716000 306958
1717000 307142
1718000 307306
1719000 307501
1720000 307665
1721000 307856
1722000 308036
1723000 308214
1724000 308382
1725000 308558
1726000 308757
1727000 308923
1728000 309115
1729000 309280
1730000 309474
1731000 309651
1732000 309828
1733000 310004
1734000 310174
1735000 310363
1736000 310564
1737000 310754
1738000 310947
1739000 311121
1740000 311305
1741000 311492
1742000 311679
1743000 311863
1744000 312059
1745000 312238
1746000 312397
1747000 312568
1748000 312762
1749000 312950
1750000 313121
1751000 313289
1752000 313446
1753000 313627
1754000 313799
1755000 313953
1756000 314132
1757000 314291
1758000 314459
1759000 314641
1760000 314809
1761000 314984
1762000 315156
1763000 315325
1764000 315484
1765000 315660
1766000 315812
1767000 315986
1768000 316160
1769000 316325
1770000 316496
1771000 316674
1772000 316858
1773000 317041
1774000 317204
1775000 317390
1776000 317561
1777000 317736
1778000 317915
1779000 318091
1780000 318255
1781000 318413
1782000 318586
1783000 318767
1784000 318958
1785000 319135
1786000 319296
1787000 319490
1788000 319676
1789000 319836
1790000 320021
1791000 320191
1792000 320382
1793000 320559
1794000 320721
1795000 320923
1796000 321123
1797000 321274
1798000 321434
1799000 321599
1800000 321778
1801000 321939
1802000 322130
1803000 322290
1804000 322481
1805000 322646
1806000 322810
1807000 323006
1808000 323206
1809000 323378
1810000 323590
1811000 323750
1812000 323931
1813000 324103
1814000 324313
1815000 324498
1816000 324703
1817000 324863
1818000 325049
1819000 325219
1820000 325400
1821000 325596
1822000 325800
1823000 325966
1824000 326153
1825000 326320
1826000 326496
1827000 326670
1828000 326850
1829000 327017
1830000 327213
1831000 327407
1832000 327590
1833000 327779
1834000 327965
1835000 328137
1836000 328313
1837000 328486
1838000 328666
1839000 328853
1840000 329034
1841000 329220
1842000 329411
1843000 329576
1844000 329765
1845000 329949
1846000 330122
1847000 330310
1848000 330498
1849000 330672
1850000 330866
1851000 331029
1852000 331190
1853000 331373
1854000 331562
1855000 331739
1856000 331924
1857000 332115
1858000 332275
1859000 332471
1860000 332661
1861000 332846
1862000 333014
1863000 333195
1864000 333375
1865000 333575
1866000 333745
1867000 333918
1868000 334088
1869000 334294
1870000 334476
1871000 334652
1872000 334844
1873000 335024
1874000 335233
1875000 335416
1876000 335600
1877000 335781
1878000 335965
1879000 336157
1880000 336318
1881000 336508
1882000 336697
1883000 336890
1884000 337084
1885000 337265
1886000 337431
1887000 337600
1888000 337779
1889000 337991
1890000 338171
1891000 338365
1892000 338536
1893000 338725
1894000 338894
1895000 339064
1896000 339255
1897000 339443
1898000 339621
1899000 339790
1900000 339971
1901000 340185
1902000 340382
1903000 340550
1904000 340723
1905000 340889
1906000 341081
1907000 341279
1908000 341454
1909000 341625
1910000 341811
1911000 341994
1912000 342168
1913000 342340
1914000 342533
1915000 342708
1916000 342881
1917000 343051
1918000 343216
1919000 343393
1920000 343580
1921000 343758
1922000 343926
1923000 344101
1924000 344285
1925000 344456
1926000 344626
1927000 344811
1928000 344965
1929000 345131
1930000 345296
1931000 345492
1932000 345682
1933000 345872
1934000 346049
1935000 346255
1936000 346442
1937000 346615
1938000 346810
1939000 347006
1940000 347163
1941000 347355
1942000 347554
1943000 347736
1944000 347919
1945000 348094
1946000 348290
1947000 348476
1948000 348647
1949000 348826
1950000 348995
1951000 349170
1952000 349348
1953000 349510
1954000 349699
1955000 349846
1956000 350028
1957000 350223
1958000 350399
1959000 350550
1960000 350739
1961000 350910
1962000 351059
1963000 351248
1964000 351435
1965000 351581
1966000 351757
1967000 351956
1968000 352127
1969000 352311
1970000 352485
1971000 352646
1972000 352833
1973000 352999
1974000 353195
1975000 353362
1976000 353561
1977000 353783
1978000 353972
1979000 354162
1980000 354335
1981000 354510
1982000 354699
1983000 354857
1984000 355030
1985000 355194
1986000 355379
1987000 355567
1988000 355729
1989000 355905
1990000 356079
1991000 356275
1992000 356451
1993000 356640
1994000 356835
1995000 357005
1996000 357179
1997000 357352
1998000 357555
1999000 357719
2000000 357890
