# runs cumulative_reorders
1000 21
2000 46
3000 80
4000 101
5000 117
6000 146
7000 175
8000 187
9000 208
10000 232
11000 245
12000 273
13000 298
14000 318
15000 339
16000 367
17000 390
18000 416
19000 439
20000 461
21000 480
22000 502
23000 522
24000 538
25000 567
26000 593
27000 611
28000 634
29000 647
30000 669
31000 695
32000 713
33000 740
34000 759
35000 777
36000 798
37000 824
38000 835
39000 859
40000 889
41000 904
42000 930
43000 957
44000 989
45000 1012
46000 1040
47000 1058
48000 1071
49000 1096
50000 1118
51000 1134
52000 1151
53000 1172
54000 1193
55000 1211
56000 1233
57000 1256
58000 1273
59000 1288
60000 1309
61000 1326
62000 1352
63000 1375
64000 1400
65000 1417
66000 1436
67000 1461
68000 1483
69000 1511
70000 1530
71000 1547
72000 1565
73000 1580
74000 1603
75000 1627
76000 1654
77000 1672
78000 1696
79000 1714
80000 1738
81000 1760
82000 1785
83000 1802
84000 1826
85000 1851
86000 1875
87000 1897
88000 1916
89000 1940
90000 1953
91000 1978
92000 1997
93000 2022
94000 2040
95000 2060
96000 2078
97000 2109
98000 2125
99000 2141
100000 2158
101000 2179
102000 2208
103000 2227
104000 2252
105000 2272
106000 2297
107000 2315
108000 2343
109000 2367
110000 2391
111000 2412
112000 2427
113000 2454
114000 2467
115000 2487
116000 2517
117000 2541
118000 2568
119000 2589
120000 2606
121000 2625
122000 2638
123000 2655
124000 2674
125000 2702
126000 2720
127000 2747
128000 2767
129000 2790
130000 2806
131000 2823
132000 2845
133000 2871
134000 2893
135000 2909
136000 2930
137000 2957
138000 2981
139000 3016
140000 3034
141000 3060
142000 3085
143000 3104
144000 3131
145000 3148
146000 3164
147000 3185
148000 3202
149000 3233
150000 3259
151000 3273
152000 3287
153000 3305
154000 3322
155000 3347
156000 3368
157000 3384
158000 3406
159000 3427
160000 3454
161000 3473
162000 3502
163000 3523
164000 3544
165000 3566
166000 3591
167000 3616
168000 3634
169000 3654
170000 3675
171000 3694
172000 3717
173000 3744
174000 3761
175000 3775
176000 3798
177000 3816
178000 3834
179000 3856
180000 3882
181000 3908
182000 3921
183000 3951
184000 3976
185000 3997
186000 4012
187000 4025
188000 4050
189000 4075
190000 4092
191000 4120
192000 4145
193000 4161
194000 4182
195000 4195
196000 4215
197000 4235
198000 4256
199000 4275
200000 4298
201000 4326
202000 4341
203000 4357
204000 4381
205000 4399
206000 4416
207000 4439
208000 4456
209000 4475
210000 4494
211000 4511
212000 4527
213000 4545
214000 4558
215000 4589
216000 4611
217000 4627
218000 4647
219000 4666
220000 4695
221000 4710
222000 4736
223000 4752
224000 4770
225000 4795
226000 4818
227000 4849
228000 4866
229000 4887
230000 4913
231000 4936
232000 4953
233000 4976
234000 4993
235000 5012
236000 5039
237000 5060
238000 5085
239000 5113
240000 5137
241000 5153
242000 5181
243000 5201
244000 5216
245000 5242
246000 5268
247000 5287
248000 5315
249000 5339
250000 5370
251000 5396
252000 5415
253000 5436
254000 5454
255000 5478
256000 5507
257000 5534
258000 5556
259000 5572
260000 5591
261000 5612
262000 5638
263000 5657
264000 5671
265000 5689
266000 5710
267000 5735
268000 5762
269000 5786
270000 5805
271000 5831
272000 5857
273000 5878
274000 5904
275000 5925
276000 5939
277000 5968
278000 5991
279000 6005
280000 6030
281000 6050
282000 6072
283000 6089
284000 6111
285000 6126
286000 6148
287000 6167
288000 6191
289000 6217
290000 6230
291000 6245
292000 6258
293000 6274
294000 6294
295000 6312
296000 6328
297000 6346
298000 6362
299000 6373
300000 6390
301000 6405
302000 6429
303000 6445
304000 6467
305000 6497
306000 6521
307000 6541
308000 6562
309000 6581
310000 6605
311000 6623
312000 6639
313000 6665
314000 6685
315000 6703
316000 6717
317000 6736
318000 6747
319000 6761
320000 6783
321000 6802
322000 6822
323000 6843
324000 6854
325000 6863
326000 6872
327000 6892
328000 6907
329000 6920
330000 6935
331000 6957
332000 6976
333000 7002
334000 7014
335000 7030
336000 7052
337000 7074
338000 7090
339000 7107
340000 7124
341000 7149
342000 7169
343000 7184
344000 7207
345000 7228
346000 7245
347000 7263
348000 7280
349000 7304
350000 7323
351000 7345
352000 7366
353000 7384
354000 7404
355000 7421
356000 7441
357000 7456
358000 7475
359000 7491
360000 7515
361000 7537
362000 7554
363000 7582
364000 7599
365000 7615
366000 7639
367000 7658
368000 7677
369000 7700
370000 7716
371000 7736
372000 7763
373000 7786
374000 7804
375000 7829
376000 7849
377000 7871
378000 7893
379000 7909
380000 7931
381000 7952
382000 7970
383000 7995
384000 8022
385000 8042
386000 8062
387000 8079
388000 8099
389000 8121
390000 8148
391000 8167
392000 8189
393000 8207
394000 8228
395000 8253
396000 8272
397000 8292
398000 8311
399000 8334
400000 8351
401000 8371
402000 8386
403000 8404
404000 8421
405000 8441
406000 8464
407000 8481
408000 8513
409000 8541
410000 8568
411000 8582
412000 8607
413000 8620
414000 8637
415000 8657
416000 8678
417000 8699
418000 8721
419000 8752
420000 8769
421000 8794
422000 8810
423000 8833
424000 8851
425000 8866
426000 8886
427000 8910
428000 8934
429000 8954
430000 8972
431000 8997
432000 9019
433000 9042
434000 9057
435000 9078
436000 9098
437000 9125
438000 9148
439000 9170
440000 9188
441000 9205
442000 9222
443000 9243
444000 9259
445000 9282
446000 9299
447000 9314
448000 9334
449000 9358
450000 9390
451000 9411
452000 9426
453000 9446
454000 9453
455000 9475
456000 9492
457000 9513
458000 9533
459000 9552
460000 9578
461000 9599
462000 9621
463000 9640
464000 9664
465000 9686
466000 9706
467000 9726
468000 9748
469000 9774
470000 9792
471000 9817
472000 9842
473000 9864
474000 9888
475000 9909
476000 9931
477000 9947
478000 9977
479000 10005
480000 10026
481000 10050
482000 10071
483000 10090
484000 10110
485000 10130
486000 10149
487000 10174
488000 10190
489000 10218
490000 10239
491000 10256
492000 10272
493000 10300
494000 10323
495000 10343
496000 10360
497000 10376
498000 10401
499000 10422
500000 10437
501000 10464
502000 10485
503000 10504
504000 10525
505000 10545
506000 10567
507000 10582
508000 10599
509000 10621
510000 10647
511000 10671
512000 10699
513000 10716
514000 10744
515000 10759
516000 10781
517000 10806
518000 10826
519000 10849
520000 10868
521000 10875
522000 10898
523000 10925
524000 10945
525000 10967
526000 10991
527000 11012
528000 11023
529000 11046
530000 11074
531000 11106
532000 11133
533000 11159
534000 11181
535000 11210
536000 11224
537000 11236
538000 11249
539000 11276
540000 11295
541000 11311
542000 11336
543000 11355
544000 11377
545000 11396
546000 11421
547000 11435
548000 11450
549000 11463
550000 11484
551000 11502
552000 11533
553000 11552
554000 11573
555000 11592
556000 11611
557000 11629
558000 11653
559000 11670
560000 11686
561000 11705
562000 11730
563000 11738
564000 11775
565000 11788
566000 11814
567000 11846
568000 11867
569000 11881
570000 11904
571000 11927
572000 11950
573000 11969
574000 11993
575000 12023
576000 12056
577000 12081
578000 12102
579000 12130
580000 12152
581000 12177
582000 12193
583000 12207
584000 12234
585000 12255
586000 12270
587000 12296
588000 12318
589000 12337
590000 12364
591000 12386
592000 12402
593000 12429
594000 12453
595000 12481
596000 12498
597000 12519
598000 12541
599000 12565
600000 12593
601000 12614
602000 12627
603000 12653
604000 12680
605000 12716
606000 12755
607000 12776
608000 12798
609000 12827
610000 12849
611000 12862
612000 12884
613000 12905
614000 12931
615000 12955
616000 12987
617000 13005
618000 13036
619000 13055
620000 13081
621000 13097
622000 13122
623000 13142
624000 13175
625000 13198
626000 13226
627000 13243
628000 13271
629000 13290
630000 13308
631000 13333
632000 13353
633000 13378
634000 13396
635000 13417
636000 13437
637000 13461
638000 13481
639000 13496
640000 13524
641000 13541
642000 13568
643000 13591
644000 13613
645000 13643
646000 13666
647000 13683
648000 13697
649000 13721
650000 13742
651000 13762
652000 13780
653000 13809
654000 13823
655000 13847
656000 13876
657000 13890
658000 13904
659000 13921
660000 13935
661000 13947
662000 13971
663000 13991
664000 14014
665000 14033
666000 14045
667000 14060
668000 14077
669000 14095
670000 14114
671000 14135
672000 14155
673000 14170
674000 14187
675000 14208
676000 14232
677000 14261
678000 14284
679000 14310
680000 14336
681000 14354
682000 14368
683000 14394
684000 14419
685000 14437
686000 14454
687000 14481
688000 14498
689000 14518
690000 14546
691000 14571
692000 14590
693000 14620
694000 14646
695000 14662
696000 14688
697000 14710
698000 14734
699000 14769
700000 14789
701000 14809
702000 14830
703000 14848
704000 14867
705000 14886
706000 14909
707000 14931
708000 14952
709000 14968
710000 14994
711000 15016
712000 15041
713000 15064
714000 15087
715000 15104
716000 15127
717000 15154
718000 15175
719000 15207
720000 15228
721000 15257
722000 15280
723000 15306
724000 15324
725000 15349
726000 15372
727000 15394
728000 15422
729000 15447
730000 15467
731000 15497
732000 15523
733000 15543
734000 15568
735000 15586
736000 15605
737000 15631
738000 15662
739000 15683
740000 15703
741000 15724
742000 15754
743000 15778
744000 15794
745000 15811
746000 15824
747000 15840
748000 15858
749000 15882
750000 15906
751000 15927
752000 15945
753000 15971
754000 15989
755000 16003
756000 16027
757000 16044
758000 16062
759000 16088
760000 16116
761000 16139
762000 16160
763000 16189
764000 16217
765000 16233
766000 16253
767000 16274
768000 16300
769000 16315
770000 16334
771000 16363
772000 16382
773000 16405
774000 16431
775000 16459
776000 16476
777000 16496
778000 16524
779000 16554
780000 16577
781000 16599
782000 16626
783000 16642
784000 16675
785000 16697
786000 16721
787000 16743
788000 16769
789000 16787
790000 16806
791000 16829
792000 16849
793000 16872
794000 16890
795000 16908
796000 16925
797000 16939
798000 16956
799000 16976
800000 17004
801000 17021
802000 17036
803000 17060
804000 17085
805000 17102
806000 17128
807000 17160
808000 17179
809000 17194
810000 17207
811000 17230
812000 17249
813000 17271
814000 17297
815000 17314
816000 17340
817000 17367
818000 17398
819000 17421
820000 17443
821000 17470
822000 17485
823000 17507
824000 17522
825000 17536
826000 17556
827000 17585
828000 17604
829000 17624
830000 17649
831000 17662
832000 17682
833000 17711
834000 17737
835000 17760
836000 17776
837000 17790
838000 17818
839000 17839
840000 17864
841000 17887
842000 17903
843000 17923
844000 17941
845000 17965
846000 17990
847000 18009
848000 18027
849000 18048
850000 18070
851000 18085
852000 18103
853000 18121
854000 18145
855000 18171
856000 18188
857000 18209
858000 18235
859000 18257
860000 18274
861000 18303
862000 18325
863000 18347
864000 18367
865000 18393
866000 18419
867000 18435
868000 18446
869000 18465
870000 18488
871000 18507
872000 18529
873000 18551
874000 18572
875000 18592
876000 18612
877000 18634
878000 18653
879000 18681
880000 18700
881000 18725
882000 18749
883000 18776
884000 18795
885000 18821
886000 18840
887000 18862
888000 18881
889000 18901
890000 18925
891000 18948
892000 18967
893000 18999
894000 19012
895000 19030
896000 19046
897000 19065
898000 19084
899000 19104
900000 19126
901000 19149
902000 19158
903000 19180
904000 19202
905000 19221
906000 19239
907000 19259
908000 19291
909000 19303
910000 19326
911000 19336
912000 19347
913000 19376
914000 19394
915000 19413
916000 19430
917000 19457
918000 19477
919000 19497
920000 19517
921000 19536
922000 19566
923000 19584
924000 19610
925000 19636
926000 19657
927000 19681
928000 19704
929000 19727
930000 19748
931000 19767
932000 19793
933000 19818
934000 19843
935000 19864
936000 19889
937000 19914
938000 19930
939000 19941
940000 19959
941000 19979
942000 20005
943000 20027
944000 20051
945000 20076
946000 20102
947000 20124
948000 20159
949000 20190
950000 20209
951000 20236
952000 20257
953000 20287
954000 20302
955000 20321
956000 20342
957000 20365
958000 20386
959000 20405
960000 20434
961000 20453
962000 20476
963000 20503
964000 20524
965000 20545
966000 20568
967000 20595
968000 20615
969000 20634
970000 20652
971000 20671
972000 20704
973000 20720
974000 20746
975000 20772
976000 20808
977000 20831
978000 20850
979000 20870
980000 20893
981000 20916
982000 20930
983000 20956
984000 20979
985000 21002
986000 21028
987000 21045
988000 21058
989000 21072
990000 21093
991000 21119
992000 21134
993000 21158
994000 21184
995000 21204
996000 21222
997000 21248
998000 21271
999000 21297
1000000 21322
1001000 21347
1002000 21377
1003000 21392
1004000 21415
1005000 21436
1006000 21452
1007000 21470
1008000 21489
1009000 21509
1010000 21533
1011000 21558
1012000 21575
1013000 21588
1014000 21607
1015000 21627
1016000 21657
1017000 21681
1018000 21696
1019000 21716
1020000 21737
1021000 21766
1022000 21785
1023000 21801
1024000 21821
1025000 21835
1026000 21852
1027000 21868
1028000 21890
1029000 21915
1030000 21939
1031000 21965
1032000 21986
1033000 22007
1034000 22029
1035000 22050
1036000 22073
1037000 22090
1038000 22119
1039000 22143
1040000 22167
1041000 22184
1042000 22202
1043000 22225
1044000 22252
1045000 22266
1046000 22293
1047000 22312
1048000 22331
1049000 22345
1050000 22363
1051000 22389
1052000 22410
1053000 22431
1054000 22460
1055000 22487
1056000 22521
1057000 22539
1058000 22558
1059000 22582
1060000 22603
1061000 22624
1062000 22639
1063000 22656
1064000 22670
1065000 22692
1066000 22718
1067000 22744
1068000 22771
1069000 22794
1070000 22820
1071000 22836
1072000 22855
1073000 22874
1074000 22901
1075000 22923
1076000 22945
1077000 22976
1078000 22995
1079000 23021
1080000 23039
1081000 23052
1082000 23068
1083000 23081
1084000 23109
1085000 23134
1086000 23155
1087000 23175
1088000 23205
1089000 23239
1090000 23259
1091000 23285
1092000 23314
1093000 23329
1094000 23351
1095000 23376
1096000 23402
1097000 23426
1098000 23442
1099000 23467
1100000 23487
1101000 23501
1102000 23519
1103000 23545
1104000 23574
1105000 23596
1106000 23621
1107000 23640
1108000 23661
1109000 23673
1110000 23704
1111000 23725
1112000 23746
1113000 23768
1114000 23796
1115000 23822
1116000 23838
1117000 23857
1118000 23873
1119000 23902
1120000 23919
1121000 23940
1122000 23963
1123000 23985
1124000 24007
1125000 24028
1126000 24053
1127000 24079
1128000 24109
1129000 24132
1130000 24150
1131000 24171
1132000 24196
1133000 24223
1134000 24241
1135000 24264
1136000 24286
1137000 24318
1138000 24341
1139000 24375
1140000 24391
1141000 24406
1142000 24430
1143000 24449
1144000 24472
1145000 24493
1146000 24516
1147000 24534
1148000 24566
1149000 24579
1150000 24609
1151000 24631
1152000 24653
1153000 24683
1154000 24708
1155000 24732
1156000 24764
1157000 24781
1158000 24799
1159000 24823
1160000 24842
1161000 24861
1162000 24881
1163000 24897
1164000 24919
1165000 24946
1166000 24971
1167000 24985
1168000 25009
1169000 25033
1170000 25054
1171000 25071
1172000 25094
1173000 25114
1174000 25138
1175000 25155
1176000 25189
1177000 25216
1178000 25243
1179000 25267
1180000 25290
1181000 25315
1182000 25336
1183000 25368
1184000 25384
1185000 25415
1186000 25436
1187000 25455
1188000 25475
1189000 25497
1190000 25516
1191000 25527
1192000 25548
1193000 25573
1194000 25591
1195000 25608
1196000 25632
1197000 25644
1198000 25668
1199000 25689
1200000 25709
1201000 25729
1202000 25754
1203000 25782
1204000 25801
1205000 25820
1206000 25841
1207000 25864
1208000 25883
1209000 25893
1210000 25909
1211000 25928
1212000 25955
1213000 25977
1214000 26003
1215000 26020
1216000 26036
1217000 26056
1218000 26071
1219000 26090
1220000 26109
1221000 26136
1222000 26158
1223000 26178
1224000 26195
1225000 26220
1226000 26243
1227000 26269
1228000 26286
1229000 26302
1230000 26325
1231000 26346
1232000 26363
1233000 26393
1234000 26421
1235000 26456
1236000 26478
1237000 26507
1238000 26530
1239000 26549
1240000 26577
1241000 26602
1242000 26626
1243000 26640
1244000 26664
1245000 26686
1246000 26710
1247000 26732
1248000 26762
1249000 26778
1250000 26796
1251000 26817
1252000 26843
1253000 26861
1254000 26880
1255000 26904
1256000 26912
1257000 26929
1258000 26946
1259000 26970
1260000 26988
1261000 27001
1262000 27029
1263000 27053
1264000 27073
1265000 27094
1266000 27115
1267000 27130
1268000 27157
1269000 27182
1270000 27214
1271000 27239
1272000 27253
1273000 27272
1274000 27290
1275000 27308
1276000 27324
1277000 27345
1278000 27373
1279000 27392
1280000 27407
1281000 27434
1282000 27463
1283000 27479
1284000 27500
1285000 27517
1286000 27543
1287000 27560
1288000 27579
1289000 27605
1290000 27621
1291000 27637
1292000 27659
1293000 27680
1294000 27700
1295000 27718
1296000 27746
1297000 27769
1298000 27800
1299000 27827
1300000 27847
1301000 27868
1302000 27892
1303000 27911
1304000 27925
1305000 27947
1306000 27968
1307000 27987
1308000 28004
1309000 28035
1310000 28061
1311000 28078
1312000 28099
1313000 28122
1314000 28137
1315000 28164
1316000 28189
1317000 28214
1318000 28236
1319000 28259
1320000 28279
1321000 28308
1322000 28332
1323000 28360
1324000 28378
1325000 28404
1326000 28422
1327000 28443
1328000 28465
1329000 28484
1330000 28510
1331000 28534
1332000 28556
1333000 28580
1334000 28604
1335000 28623
1336000 28644
1337000 28659
1338000 28676
1339000 28695
1340000 28706
1341000 28732
1342000 28752
1343000 28773
1344000 28796
1345000 28803
1346000 28826
1347000 28846
1348000 28879
1349000 28900
1350000 28918
1351000 28938
1352000 28960
1353000 28978
1354000 28992
1355000 29017
1356000 29043
1357000 29071
1358000 29102
1359000 29126
1360000 29146
1361000 29166
1362000 29185
1363000 29214
1364000 29233
1365000 29254
1366000 29284
1367000 29295
1368000 29320
1369000 29361
1370000 29382
1371000 29405
1372000 29435
1373000 29457
1374000 29487
1375000 29501
1376000 29520
1377000 29547
1378000 29567
1379000 29595
1380000 29623
1381000 29640
1382000 29659
1383000 29688
1384000 29708
1385000 29731
1386000 29749
1387000 29767
1388000 29786
1389000 29808
1390000 29829
1391000 29851
1392000 29870
1393000 29899
1394000 29925
1395000 29948
1396000 29965
1397000 29993
1398000 30015
1399000 30036
1400000 30059
1401000 30088
1402000 30120
1403000 30149
1404000 30176
1405000 30193
1406000 30222
1407000 30241
1408000 30265
1409000 30288
1410000 30315
1411000 30338
1412000 30361
1413000 30388
1414000 30412
1415000 30434
1416000 30463
1417000 30490
1418000 30513
1419000 30534
1420000 30555
1421000 30563
1422000 30580
1423000 30603
1424000 30618
1425000 30643
1426000 30670
1427000 30699
1428000 30723
1429000 30749
1430000 30775
1431000 30797
1432000 30814
1433000 30832
1434000 30854
1435000 30876
1436000 30901
1437000 30919
1438000 30940
1439000 30960
1440000 30989
1441000 31012
1442000 31035
1443000 31059
1444000 31084
1445000 31111
1446000 31124
1447000 31146
1448000 31178
1449000 31203
1450000 31221
1451000 31244
1452000 31263
1453000 31287
1454000 31309
1455000 31334
1456000 31354
1457000 31376
1458000 31401
1459000 31426
1460000 31442
1461000 31471
1462000 31485
1463000 31509
1464000 31535
1465000 31557
1466000 31574
1467000 31603
1468000 31624
1469000 31645
1470000 31670
1471000 31692
1472000 31708
1473000 31733
1474000 31745
1475000 31777
1476000 31797
1477000 31819
1478000 31846
1479000 31871
1480000 31894
1481000 31920
1482000 31947
1483000 31974
1484000 32001
1485000 32022
1486000 32039
1487000 32064
1488000 32082
1489000 32105
1490000 32127
1491000 32152
1492000 32172
1493000 32194
1494000 32219
1495000 32237
1496000 32260
1497000 32279
1498000 32300
1499000 32317
1500000 32336
1501000 32361
1502000 32387
1503000 32404
1504000 32423
1505000 32445
1506000 32461
1507000 32481
1508000 32504
1509000 32528
1510000 32556
1511000 32589
1512000 32606
1513000 32631
1514000 32657
1515000 32675
1516000 32694
1517000 32719
1518000 32738
1519000 32766
1520000 32786
1521000 32807
1522000 32834
1523000 32851
1524000 32867
1525000 32889
1526000 32900
1527000 32923
1528000 32951
1529000 32971
1530000 32987
1531000 33005
1532000 33025
1533000 33046
1534000 33072
1535000 33099
1536000 33123
1537000 33149
1538000 33166
1539000 33193
1540000 33213
1541000 33236
1542000 33260
1543000 33272
1544000 33295
1545000 33318
1546000 33338
1547000 33359
1548000 33375
1549000 33398
1550000 33428
1551000 33448
1552000 33479
1553000 33501
1554000 33532
1555000 33550
1556000 33575
1557000 33596
1558000 33621
1559000 33647
1560000 33672
1561000 33703
1562000 33735
1563000 33758
1564000 33781
1565000 33804
1566000 33834
1567000 33853
1568000 33873
1569000 33892
1570000 33912
1571000 33935
1572000 33958
1573000 33983
1574000 34004
1575000 34033
1576000 34048
1577000 34066
1578000 34089
1579000 34104
1580000 34128
1581000 34153
1582000 34182
1583000 34202
1584000 34217
1585000 34238
1586000 34264
1587000 34284
1588000 34313
1589000 34328
1590000 34350
1591000 34372
1592000 34393
1593000 34410
1594000 34434
1595000 34460
1596000 34492
1597000 34513
1598000 34541
1599000 34563
1600000 34583
1601000 34598
1602000 34615
1603000 34634
1604000 34651
1605000 34688
1606000 34708
1607000 34730
1608000 34751
1609000 34773
1610000 34791
1611000 34808
1612000 34824
1613000 34846
1614000 34867
1615000 34885
1616000 34901
1617000 34917
1618000 34932
1619000 34949
1620000 34967
1621000 34994
1622000 35013
1623000 35033
1624000 35062
1625000 35085
1626000 35108
1627000 35124
1628000 35137
1629000 35152
1630000 35169
1631000 35186
1632000 35204
1633000 35219
1634000 35246
1635000 35257
1636000 35275
1637000 35298
1638000 35317
1639000 35342
1640000 35366
1641000 35384
1642000 35407
1643000 35440
1644000 35459
1645000 35480
1646000 35498
1647000 35522
1648000 35550
1649000 35572
1650000 35591
1651000 35614
1652000 35634
1653000 35654
1654000 35679
1655000 35704
1656000 35728
1657000 35747
1658000 35768
1659000 35792
1660000 35815
1661000 35835
1662000 35858
1663000 35876
1664000 35899
1665000 35924
1666000 35945
1667000 35963
1668000 35992
1669000 36015
1670000 36039
1671000 36064
1672000 36081
1673000 36108
1674000 36129
1675000 36149
1676000 36170
1677000 36190
1678000 36206
1679000 36230
1680000 36250
1681000 36272
1682000 36287
1683000 36311
1684000 36331
1685000 36352
1686000 36372
1687000 36393
1688000 36414
1689000 36435
1690000 36458
1691000 36488
1692000 36501
1693000 36518
1694000 36547
1695000 36566
1696000 36589
1697000 36609
1698000 36626
1699000 36654
1700000 36671
1701000 36709
1702000 36732
1703000 36754
1704000 36775
1705000 36799
1706000 36812
1707000 36836
1708000 36854
1709000 36875
1710000 36899
1711000 36917
1712000 36936
1713000 36954
1714000 36974
1715000 36995
1716000 37015
1717000 37030
1718000 37047
1719000 37065
1720000 37085
1721000 37107
1722000 37126
1723000 37146
1724000 37164
1725000 37189
1726000 37216
1727000 37250
1728000 37265
1729000 37290
1730000 37313
1731000 37335
1732000 37370
1733000 37393
1734000 37410
1735000 37423
1736000 37446
1737000 37468
1738000 37498
1739000 37529
1740000 37553
1741000 37583
1742000 37603
1743000 37619
1744000 37639
1745000 37669
1746000 37696
1747000 37715
1748000 37738
1749000 37756
1750000 37776
1751000 37791
1752000 37809
1753000 37827
1754000 37846
1755000 37864
1756000 37879
1757000 37900
1758000 37923
1759000 37943
1760000 37967
1761000 37992
1762000 38005
1763000 38022
1764000 38051
1765000 38077
1766000 38090
1767000 38112
1768000 38128
1769000 38140
1770000 38164
1771000 38183
1772000 38205
1773000 38222
1774000 38250
1775000 38279
1776000 38303
1777000 38334
1778000 38361
1779000 38382
1780000 38400
1781000 38416
1782000 38434
1783000 38445
1784000 38468
1785000 38484
1786000 38508
1787000 38523
1788000 38547
1789000 38573
1790000 38593
1791000 38620
1792000 38652
1793000 38678
1794000 38698
1795000 38726
1796000 38742
1797000 38763
1798000 38794
1799000 38820
1800000 38844
1801000 38868
1802000 38890
1803000 38903
1804000 38925
1805000 38939
1806000 38964
1807000 38981
1808000 38997
1809000 39018
1810000 39042
1811000 39064
1812000 39086
1813000 39104
1814000 39118
1815000 39137
1816000 39154
1817000 39174
1818000 39195
1819000 39215
1820000 39242
1821000 39266
1822000 39288
1823000 39312
1824000 39331
1825000 39360
1826000 39389
1827000 39412
1828000 39431
1829000 39451
1830000 39471
1831000 39487
1832000 39513
1833000 39529
1834000 39546
1835000 39567
1836000 39593
1837000 39609
1838000 39627
1839000 39639
1840000 39667
1841000 39689
1842000 39715
1843000 39738
1844000 39770
1845000 39793
1846000 39817
1847000 39848
1848000 39865
1849000 39883
1850000 39899
1851000 39914
1852000 39931
1853000 39955
1854000 39982
1855000 39999
1856000 40016
1857000 40036
1858000 40050
1859000 40067
1860000 40077
1861000 40094
1862000 40108
1863000 40135
1864000 40156
1865000 40179
1866000 40197
1867000 40219
1868000 40237
1869000 40257
1870000 40281
1871000 40303
1872000 40321
1873000 40343
1874000 40362
1875000 40374
1876000 40397
1877000 40409
1878000 40432
1879000 40449
1880000 40463
1881000 40480
1882000 40500
1883000 40517
1884000 40533
1885000 40550
1886000 40568
1887000 40585
1888000 40603
1889000 40628
1890000 40642
1891000 40666
1892000 40691
1893000 40719
1894000 40738
1895000 40763
1896000 40785
1897000 40812
1898000 40831
1899000 40860
1900000 40878
1901000 40901
1902000 40923
1903000 40943
1904000 40965
1905000 40982
1906000 41002
1907000 41017
1908000 41030
1909000 41047
1910000 41068
1911000 41088
1912000 41106
1913000 41134
1914000 41154
1915000 41172
1916000 41187
1917000 41212
1918000 41244
1919000 41268
1920000 41291
1921000 41313
1922000 41332
1923000 41350
1924000 41372
1925000 41387
1926000 41414
1927000 41445
1928000 41465
1929000 41495
1930000 41514
1931000 41533
1932000 41554
1933000 41572
1934000 41594
1935000 41613
1936000 41637
1937000 41658
1938000 41678
1939000 41693
1940000 41720
1941000 41743
1942000 41769
1943000 41790
1944000 41816
1945000 41840
1946000 41856
1947000 41872
1948000 41896
1949000 41917
1950000 41941
1951000 41966
1952000 41983
1953000 42005
1954000 42030
1955000 42050
1956000 42075
1957000 42096
1958000 42117
1959000 42142
1960000 42171
1961000 42197
1962000 42218
1963000 42245
1964000 42261
1965000 42288
1966000 42311
1967000 42322
1968000 42342
1969000 42360
1970000 42377
1971000 42399
1972000 42420
1973000 42433
1974000 42463
1975000 42482
1976000 42504
1977000 42529
1978000 42545
1979000 42571
1980000 42597
1981000 42610
1982000 42632
1983000 42653
1984000 42682
1985000 42701
1986000 42726
1987000 42745
1988000 42778
1989000 42796
1990000 42814
1991000 42835
1992000 42854
1993000 42888
1994000 42906
1995000 42931
1996000 42958
1997000 42987
1998000 43006
1999000 43024
2000000 43049
