# runs cumulative_reorders
1000 1
2000 1
3000 1
4000 1
5000 1
6000 1
7000 1
8000 1
9000 1
10000 2
11000 2
12000 2
13000 2
14000 2
15000 2
16000 2
17000 2
18000 3
19000 3
20000 3
21000 3
22000 3
23000 3
24000 3
25000 4
26000 4
27000 4
28000 4
29000 5
30000 5
31000 5
32000 5
33000 5
34000 5
35000 5
36000 5
37000 5
38000 5
39000 5
40000 5
41000 5
42000 5
43000 5
44000 5
45000 5
46000 5
47000 5
48000 5
49000 5
50000 5
51000 5
52000 5
53000 6
54000 6
55000 6
56000 6
57000 8
58000 8
59000 8
60000 8
61000 8
62000 8
63000 8
64000 8
65000 8
66000 8
67000 8
68000 8
69000 8
70000 9
71000 9
72000 9
73000 9
74000 9
75000 9
76000 9
77000 9
78000 9
79000 9
80000 9
81000 9
82000 9
83000 9
84000 9
85000 9
86000 9
87000 9
88000 10
89000 10
90000 10
91000 10
92000 10
93000 10
94000 10
95000 10
96000 10
97000 10
98000 10
99000 10
100000 10
101000 10
102000 10
103000 10
104000 11
105000 11
106000 11
107000 11
108000 11
109000 11
110000 11
111000 11
112000 11
113000 11
114000 11
115000 11
116000 11
117000 11
118000 11
119000 11
120000 12
121000 12
122000 12
123000 12
124000 12
125000 12
126000 12
127000 12
128000 12
129000 12
130000 13
131000 13
132000 13
133000 13
134000 13
135000 13
136000 13
137000 13
138000 13
139000 13
140000 13
141000 13
142000 13
143000 13
144000 13
145000 13
146000 13
147000 13
148000 13
149000 13
150000 13
151000 13
152000 13
153000 13
154000 13
155000 14
156000 14
157000 14
158000 14
159000 14
160000 14
161000 14
162000 14
163000 14
164000 14
165000 15
166000 15
167000 15
168000 15
169000 15
170000 16
171000 16
172000 16
173000 16
174000 16
175000 16
176000 16
177000 16
178000 16
179000 16
180000 16
181000 16
182000 16
183000 16
184000 16
185000 16
186000 16
187000 16
188000 16
189000 17
190000 17
191000 17
192000 17
193000 17
194000 17
195000 17
196000 17
197000 17
198000 17
199000 17
200000 17
201000 17
202000 17
203000 17
204000 18
205000 18
206000 18
207000 18
208000 18
209000 18
210000 18
211000 18
212000 18
213000 18
214000 18
215000 18
216000 18
217000 19
218000 19
219000 19
220000 19
221000 20
222000 20
223000 20
224000 20
225000 20
226000 20
227000 20
228000 20
229000 20
230000 20
231000 20
232000 20
233000 20
234000 21
235000 21
236000 21
237000 21
238000 21
239000 21
240000 21
241000 21
242000 21
243000 21
244000 21
245000 22
246000 22
247000 22
248000 22
249000 22
250000 23
251000 23
252000 23
253000 23
254000 24
255000 24
256000 24
257000 24
258000 24
259000 24
260000 24
261000 24
262000 24
263000 24
264000 24
265000 24
266000 25
267000 25
268000 25
269000 25
270000 25
271000 25
272000 25
273000 25
274000 25
275000 25
276000 25
277000 25
278000 25
279000 25
280000 25
281000 25
282000 25
283000 25
284000 26
285000 26
286000 26
287000 26
288000 26
289000 26
290000 27
291000 27
292000 27
293000 27
294000 27
295000 27
296000 27
297000 27
298000 27
299000 27
300000 27
301000 27
302000 27
303000 27
304000 27
305000 27
306000 27
307000 27
308000 27
309000 27
310000 27
311000 27
312000 27
313000 27
314000 27
315000 27
316000 27
317000 27
318000 27
319000 27
320000 27
321000 27
322000 27
323000 27
324000 27
325000 27
326000 27
327000 28
328000 28
329000 28
330000 28
331000 28
332000 28
333000 28
334000 28
335000 28
336000 28
337000 28
338000 28
339000 29
340000 29
341000 29
342000 29
343000 29
344000 29
345000 29
346000 29
347000 29
348000 29
349000 29
350000 29
351000 29
352000 29
353000 29
354000 29
355000 29
356000 29
357000 29
358000 29
359000 30
360000 30
361000 30
362000 30
363000 30
364000 30
365000 30
366000 30
367000 30
368000 30
369000 31
370000 31
371000 31
372000 31
373000 31
374000 31
375000 31
376000 31
377000 31
378000 32
379000 33
380000 33
381000 33
382000 33
383000 33
384000 33
385000 33
386000 33
387000 33
388000 33
389000 33
390000 34
391000 34
392000 34
393000 34
394000 34
395000 34
396000 34
397000 35
398000 35
399000 36
400000 36
401000 36
402000 36
403000 36
404000 36
405000 36
406000 36
407000 36
408000 36
409000 36
410000 36
411000 36
412000 36
413000 36
414000 36
415000 36
416000 36
417000 36
418000 36
419000 36
420000 36
421000 36
422000 36
423000 36
424000 37
425000 37
426000 37
427000 37
428000 37
429000 37
430000 37
431000 37
432000 37
433000 37
434000 37
435000 37
436000 37
437000 37
438000 37
439000 37
440000 37
441000 37
442000 37
443000 39
444000 39
445000 40
446000 40
447000 40
448000 40
449000 40
450000 40
451000 40
452000 41
453000 41
454000 41
455000 41
456000 41
457000 41
458000 41
459000 41
460000 43
461000 43
462000 43
463000 43
464000 43
465000 44
466000 44
467000 44
468000 44
469000 45
470000 45
471000 45
472000 45
473000 45
474000 45
475000 45
476000 46
477000 46
478000 46
479000 46
480000 46
481000 46
482000 46
483000 46
484000 46
485000 46
486000 46
487000 46
488000 46
489000 46
490000 47
491000 47
492000 47
493000 47
494000 47
495000 47
496000 47
497000 47
498000 47
499000 47
500000 47
501000 47
502000 47
503000 47
504000 47
505000 47
506000 49
507000 49
508000 49
509000 49
510000 49
511000 49
512000 49
513000 49
514000 49
515000 49
516000 50
517000 50
518000 51
519000 52
520000 52
521000 53
522000 53
523000 53
524000 53
525000 53
526000 53
527000 53
528000 53
529000 53
530000 53
531000 54
532000 54
533000 54
534000 54
535000 54
536000 54
537000 54
538000 54
539000 54
540000 54
541000 54
542000 54
543000 54
544000 54
545000 54
546000 54
547000 54
548000 54
549000 54
550000 54
551000 54
552000 54
553000 54
554000 54
555000 55
556000 55
557000 55
558000 55
559000 55
560000 55
561000 55
562000 55
563000 55
564000 55
565000 55
566000 55
567000 55
568000 55
569000 55
570000 55
571000 55
572000 55
573000 55
574000 55
575000 55
576000 55
577000 56
578000 56
579000 56
580000 56
581000 56
582000 56
583000 56
584000 56
585000 56
586000 56
587000 56
588000 56
589000 57
590000 57
591000 57
592000 57
593000 57
594000 57
595000 58
596000 58
597000 58
598000 58
599000 58
600000 58
601000 59
602000 59
603000 59
604000 59
605000 59
606000 59
607000 59
608000 59
609000 59
610000 59
611000 59
612000 60
613000 60
614000 60
615000 60
616000 60
617000 60
618000 60
619000 60
620000 60
621000 60
622000 60
623000 60
624000 60
625000 60
626000 60
627000 60
628000 61
629000 61
630000 61
631000 62
632000 62
633000 62
634000 62
635000 62
636000 62
637000 62
638000 62
639000 62
640000 62
641000 62
642000 62
643000 62
644000 62
645000 62
646000 63
647000 63
648000 63
649000 63
650000 63
651000 63
652000 63
653000 63
654000 63
655000 63
656000 64
657000 64
658000 64
659000 64
660000 64
661000 65
662000 65
663000 65
664000 65
665000 65
666000 65
667000 65
668000 65
669000 65
670000 65
671000 65
672000 65
673000 65
674000 65
675000 65
676000 65
677000 65
678000 65
679000 65
680000 65
681000 65
682000 65
683000 66
684000 66
685000 66
686000 66
687000 66
688000 66
689000 66
690000 66
691000 66
692000 66
693000 67
694000 67
695000 67
696000 67
697000 67
698000 67
699000 68
700000 68
701000 68
702000 68
703000 68
704000 68
705000 68
706000 68
707000 68
708000 68
709000 68
710000 68
711000 68
712000 68
713000 68
714000 68
715000 68
716000 68
717000 68
718000 68
719000 68
720000 68
721000 68
722000 68
723000 68
724000 68
725000 68
726000 68
727000 68
728000 68
729000 68
730000 68
731000 68
732000 68
733000 69
734000 69
735000 69
736000 69
737000 69
738000 69
739000 69
740000 69
741000 69
742000 69
743000 69
744000 70
745000 70
746000 70
747000 70
748000 70
749000 70
750000 71
751000 71
752000 71
753000 71
754000 71
755000 71
756000 71
757000 71
758000 71
759000 71
760000 71
761000 71
762000 71
763000 71
764000 71
765000 71
766000 71
767000 71
768000 71
769000 71
770000 71
771000 71
772000 71
773000 71
774000 71
775000 71
776000 71
777000 71
778000 71
779000 71
780000 71
781000 71
782000 71
783000 71
784000 71
785000 71
786000 71
787000 71
788000 71
789000 71
790000 71
791000 71
792000 71
793000 71
794000 71
795000 71
796000 71
797000 71
798000 71
799000 71
800000 71
801000 71
802000 71
803000 71
804000 71
805000 71
806000 71
807000 71
808000 71
809000 72
810000 72
811000 72
812000 72
813000 72
814000 72
815000 72
816000 72
817000 72
818000 72
819000 73
820000 73
821000 73
822000 73
823000 73
824000 73
825000 73
826000 73
827000 73
828000 73
829000 73
830000 73
831000 73
832000 73
833000 73
834000 73
835000 73
836000 73
837000 73
838000 73
839000 73
840000 73
841000 73
842000 73
843000 73
844000 73
845000 73
846000 73
847000 73
848000 73
849000 73
850000 73
851000 73
852000 74
853000 74
854000 74
855000 74
856000 74
857000 74
858000 74
859000 75
860000 75
861000 75
862000 75
863000 75
864000 75
865000 75
866000 75
867000 75
868000 76
869000 76
870000 76
871000 76
872000 76
873000 76
874000 76
875000 76
876000 77
877000 77
878000 77
879000 77
880000 77
881000 78
882000 78
883000 78
884000 78
885000 78
886000 78
887000 78
888000 79
889000 79
890000 79
891000 79
892000 79
893000 79
894000 79
895000 79
896000 79
897000 79
898000 79
899000 80
900000 81
901000 81
902000 81
903000 81
904000 82
905000 82
906000 82
907000 82
908000 82
909000 82
910000 82
911000 82
912000 82
913000 82
914000 83
915000 83
916000 83
917000 83
918000 84
919000 84
920000 84
921000 84
922000 84
923000 84
924000 84
925000 84
926000 84
927000 84
928000 85
929000 85
930000 85
931000 85
932000 85
933000 85
934000 85
935000 85
936000 85
937000 85
938000 85
939000 85
940000 85
941000 85
942000 85
943000 85
944000 85
945000 85
946000 85
947000 85
948000 85
949000 85
950000 85
951000 85
952000 85
953000 85
954000 85
955000 85
956000 85
957000 85
958000 85
959000 85
960000 85
961000 85
962000 85
963000 85
964000 85
965000 85
966000 85
967000 85
968000 85
969000 86
970000 86
971000 86
972000 86
973000 86
974000 86
975000 86
976000 86
977000 86
978000 86
979000 86
980000 86
981000 86
982000 86
983000 86
984000 86
985000 86
986000 86
987000 86
988000 86
989000 86
990000 86
991000 86
992000 86
993000 86
994000 86
995000 86
996000 86
997000 86
998000 86
999000 86
1000000 86
