# runs cumulative_reorders
1000 9
2000 15
3000 21
4000 32
5000 51
6000 61
7000 67
8000 79
9000 92
10000 105
11000 125
12000 134
13000 149
14000 157
15000 161
16000 171
17000 180
18000 195
19000 200
20000 205
21000 216
22000 221
23000 233
24000 240
25000 249
26000 257
27000 263
28000 273
29000 281
30000 285
31000 297
32000 302
33000 313
34000 327
35000 337
36000 348
37000 357
38000 370
39000 381
40000 388
41000 396
42000 407
43000 417
44000 423
45000 432
46000 440
47000 447
48000 455
49000 460
50000 466
51000 473
52000 479
53000 485
54000 497
55000 503
56000 513
57000 519
58000 522
59000 527
60000 530
61000 535
62000 541
63000 551
64000 558
65000 566
66000 574
67000 581
68000 592
69000 602
70000 607
71000 615
72000 618
73000 625
74000 640
75000 645
76000 652
77000 658
78000 665
79000 677
80000 685
81000 689
82000 694
83000 703
84000 708
85000 716
86000 722
87000 726
88000 731
89000 737
90000 742
91000 747
92000 751
93000 758
94000 766
95000 774
96000 783
97000 788
98000 796
99000 801
100000 804
101000 807
102000 815
103000 826
104000 838
105000 842
106000 845
107000 851
108000 854
109000 862
110000 874
111000 879
112000 883
113000 892
114000 900
115000 908
116000 916
117000 934
118000 942
119000 950
120000 958
121000 966
122000 974
123000 982
124000 988
125000 995
126000 1001
127000 1009
128000 1015
129000 1022
130000 1026
131000 1032
132000 1043
133000 1052
134000 1058
135000 1061
136000 1069
137000 1075
138000 1081
139000 1085
140000 1087
141000 1094
142000 1102
143000 1108
144000 1114
145000 1122
146000 1129
147000 1138
148000 1145
149000 1151
150000 1157
151000 1166
152000 1168
153000 1170
154000 1172
155000 1178
156000 1184
157000 1189
158000 1196
159000 1201
160000 1208
161000 1215
162000 1218
163000 1224
164000 1230
165000 1233
166000 1238
167000 1243
168000 1248
169000 1254
170000 1263
171000 1266
172000 1269
173000 1276
174000 1282
175000 1288
176000 1293
177000 1304
178000 1310
179000 1321
180000 1332
181000 1340
182000 1345
183000 1351
184000 1357
185000 1362
186000 1367
187000 1373
188000 1380
189000 1385
190000 1389
191000 1393
192000 1402
193000 1406
194000 1411
195000 1418
196000 1422
197000 1429
198000 1437
199000 1441
200000 1445
201000 1453
202000 1458
203000 1461
204000 1467
205000 1474
206000 1477
207000 1484
208000 1499
209000 1510
210000 1518
211000 1523
212000 1533
213000 1543
214000 1553
215000 1562
216000 1571
217000 1577
218000 1585
219000 1592
220000 1595
221000 1600
222000 1609
223000 1615
224000 1624
225000 1631
226000 1639
227000 1647
228000 1656
229000 1664
230000 1671
231000 1680
232000 1690
233000 1696
234000 1702
235000 1705
236000 1711
237000 1725
238000 1732
239000 1738
240000 1741
241000 1747
242000 1752
243000 1756
244000 1764
245000 1770
246000 1776
247000 1784
248000 1790
249000 1794
250000 1801
251000 1813
252000 1816
253000 1821
254000 1830
255000 1839
256000 1842
257000 1850
258000 1856
259000 1863
260000 1873
261000 1878
262000 1885
263000 1888
264000 1896
265000 1902
266000 1907
267000 1920
268000 1925
269000 1926
270000 1932
271000 1939
272000 1946
273000 1953
274000 1962
275000 1973
276000 1982
277000 1990
278000 1997
279000 2005
280000 2011
281000 2014
282000 2017
283000 2023
284000 2025
285000 2031
286000 2039
287000 2045
288000 2051
289000 2054
290000 2061
291000 2070
292000 2078
293000 2083
294000 2088
295000 2094
296000 2100
297000 2104
298000 2106
299000 2108
300000 2117
301000 2127
302000 2139
303000 2146
304000 2152
305000 2155
306000 2157
307000 2161
308000 2164
309000 2168
310000 2175
311000 2177
312000 2181
313000 2185
314000 2187
315000 2191
316000 2195
317000 2205
318000 2217
319000 2222
320000 2225
321000 2230
322000 2239
323000 2247
324000 2254
325000 2261
326000 2267
327000 2274
328000 2279
329000 2286
330000 2286
331000 2292
332000 2300
333000 2311
334000 2316
335000 2319
336000 2326
337000 2335
338000 2341
339000 2346
340000 2350
341000 2356
342000 2365
343000 2371
344000 2382
345000 2387
346000 2398
347000 2403
348000 2412
349000 2422
350000 2431
351000 2440
352000 2446
353000 2450
354000 2457
355000 2467
356000 2472
357000 2478
358000 2483
359000 2487
360000 2500
361000 2508
362000 2516
363000 2521
364000 2527
365000 2533
366000 2536
367000 2543
368000 2548
369000 2553
370000 2561
371000 2565
372000 2573
373000 2579
374000 2583
375000 2588
376000 2599
377000 2601
378000 2609
379000 2618
380000 2623
381000 2631
382000 2641
383000 2649
384000 2658
385000 2665
386000 2667
387000 2677
388000 2686
389000 2689
390000 2694
391000 2698
392000 2702
393000 2710
394000 2719
395000 2725
396000 2733
397000 2739
398000 2749
399000 2760
400000 2775
401000 2781
402000 2790
403000 2797
404000 2805
405000 2817
406000 2824
407000 2834
408000 2841
409000 2845
410000 2849
411000 2852
412000 2867
413000 2871
414000 2880
415000 2887
416000 2893
417000 2901
418000 2907
419000 2914
420000 2924
421000 2927
422000 2936
423000 2942
424000 2947
425000 2953
426000 2964
427000 2967
428000 2975
429000 2992
430000 2997
431000 3000
432000 3004
433000 3019
434000 3026
435000 3030
436000 3038
437000 3044
438000 3048
439000 3054
440000 3059
441000 3065
442000 3072
443000 3083
444000 3088
445000 3094
446000 3099
447000 3103
448000 3111
449000 3117
450000 3121
451000 3128
452000 3136
453000 3144
454000 3153
455000 3158
456000 3167
457000 3168
458000 3172
459000 3175
460000 3184
461000 3194
462000 3201
463000 3209
464000 3218
465000 3223
466000 3231
467000 3239
468000 3245
469000 3248
470000 3258
471000 3267
472000 3272
473000 3281
474000 3287
475000 3293
476000 3300
477000 3307
478000 3316
479000 3323
480000 3324
481000 3332
482000 3340
483000 3347
484000 3352
485000 3355
486000 3361
487000 3370
488000 3379
489000 3379
490000 3386
491000 3394
492000 3397
493000 3405
494000 3410
495000 3414
496000 3424
497000 3429
498000 3438
499000 3441
500000 3446
501000 3453
502000 3458
503000 3461
504000 3466
505000 3472
506000 3479
507000 3485
508000 3491
509000 3499
510000 3503
511000 3510
512000 3517
513000 3521
514000 3528
515000 3534
516000 3536
517000 3541
518000 3547
519000 3558
520000 3567
521000 3576
522000 3582
523000 3593
524000 3602
525000 3607
526000 3615
527000 3621
528000 3630
529000 3634
530000 3640
531000 3644
532000 3651
533000 3655
534000 3661
535000 3669
536000 3675
537000 3684
538000 3694
539000 3707
540000 3710
541000 3718
542000 3725
543000 3728
544000 3737
545000 3745
546000 3752
547000 3760
548000 3769
549000 3778
550000 3781
551000 3795
552000 3799
553000 3802
554000 3807
555000 3811
556000 3820
557000 3824
558000 3832
559000 3835
560000 3841
561000 3845
562000 3852
563000 3860
564000 3868
565000 3876
566000 3884
567000 3890
568000 3896
569000 3903
570000 3906
571000 3908
572000 3919
573000 3924
574000 3931
575000 3937
576000 3939
577000 3945
578000 3952
579000 3961
580000 3966
581000 3971
582000 3975
583000 3984
584000 3991
585000 3999
586000 4002
587000 4009
588000 4018
589000 4026
590000 4035
591000 4041
592000 4049
593000 4055
594000 4061
595000 4065
596000 4069
597000 4075
598000 4082
599000 4088
600000 4096
601000 4102
602000 4108
603000 4118
604000 4127
605000 4133
606000 4143
607000 4147
608000 4153
609000 4164
610000 4168
611000 4179
612000 4181
613000 4185
614000 4194
615000 4206
616000 4213
617000 4219
618000 4225
619000 4228
620000 4232
621000 4237
622000 4245
623000 4249
624000 4256
625000 4267
626000 4268
627000 4274
628000 4282
629000 4290
630000 4300
631000 4307
632000 4313
633000 4326
634000 4330
635000 4337
636000 4343
637000 4352
638000 4368
639000 4375
640000 4381
641000 4385
642000 4389
643000 4390
644000 4397
645000 4401
646000 4408
647000 4415
648000 4425
649000 4431
650000 4444
651000 4453
652000 4457
653000 4461
654000 4469
655000 4474
656000 4481
657000 4486
658000 4493
659000 4500
660000 4506
661000 4511
662000 4516
663000 4518
664000 4522
665000 4526
666000 4530
667000 4536
668000 4540
669000 4546
670000 4554
671000 4564
672000 4571
673000 4575
674000 4585
675000 4589
676000 4594
677000 4598
678000 4607
679000 4615
680000 4629
681000 4637
682000 4643
683000 4648
684000 4657
685000 4665
686000 4668
687000 4675
688000 4684
689000 4692
690000 4701
691000 4705
692000 4715
693000 4721
694000 4732
695000 4736
696000 4740
697000 4746
698000 4750
699000 4757
700000 4764
701000 4774
702000 4786
703000 4794
704000 4798
705000 4808
706000 4819
707000 4824
708000 4836
709000 4844
710000 4852
711000 4860
712000 4872
713000 4884
714000 4892
715000 4897
716000 4901
717000 4906
718000 4916
719000 4924
720000 4935
721000 4940
722000 4948
723000 4954
724000 4962
725000 4973
726000 4977
727000 4983
728000 4987
729000 4988
730000 4994
731000 5003
732000 5009
733000 5012
734000 5018
735000 5027
736000 5032
737000 5036
738000 5047
739000 5055
740000 5058
741000 5071
742000 5078
743000 5079
744000 5087
745000 5093
746000 5099
747000 5102
748000 5105
749000 5116
750000 5122
751000 5127
752000 5131
753000 5138
754000 5143
755000 5150
756000 5162
757000 5167
758000 5174
759000 5178
760000 5185
761000 5192
762000 5200
763000 5208
764000 5217
765000 5220
766000 5234
767000 5242
768000 5247
769000 5255
770000 5259
771000 5266
772000 5271
773000 5283
774000 5290
775000 5297
776000 5301
777000 5308
778000 5315
779000 5329
780000 5330
781000 5333
782000 5338
783000 5344
784000 5351
785000 5360
786000 5367
787000 5377
788000 5385
789000 5393
790000 5401
791000 5413
792000 5420
793000 5428
794000 5432
795000 5441
796000 5446
797000 5449
798000 5455
799000 5466
800000 5473
801000 5479
802000 5483
803000 5489
804000 5501
805000 5504
806000 5509
807000 5520
808000 5527
809000 5533
810000 5538
811000 5544
812000 5548
813000 5554
814000 5560
815000 5572
816000 5575
817000 5581
818000 5587
819000 5598
820000 5604
821000 5611
822000 5618
823000 5627
824000 5632
825000 5640
826000 5650
827000 5654
828000 5661
829000 5671
830000 5679
831000 5688
832000 5694
833000 5700
834000 5706
835000 5716
836000 5728
837000 5731
838000 5734
839000 5736
840000 5745
841000 5752
842000 5761
843000 5766
844000 5770
845000 5778
846000 5782
847000 5790
848000 5801
849000 5808
850000 5812
851000 5816
852000 5818
853000 5827
854000 5831
855000 5838
856000 5842
857000 5848
858000 5853
859000 5856
860000 5862
861000 5867
862000 5873
863000 5878
864000 5883
865000 5891
866000 5896
867000 5904
868000 5910
869000 5920
870000 5922
871000 5926
872000 5934
873000 5940
874000 5949
875000 5953
876000 5961
877000 5965
878000 5967
879000 5977
880000 5982
881000 5992
882000 5999
883000 6002
884000 6011
885000 6017
886000 6021
887000 6029
888000 6036
889000 6040
890000 6044
891000 6052
892000 6055
893000 6058
894000 6071
895000 6081
896000 6090
897000 6095
898000 6103
899000 6113
900000 6124
901000 6129
902000 6139
903000 6143
904000 6147
905000 6152
906000 6157
907000 6157
908000 6163
909000 6168
910000 6174
911000 6178
912000 6187
913000 6197
914000 6202
915000 6210
916000 6215
917000 6219
918000 6224
919000 6231
920000 6237
921000 6239
922000 6243
923000 6249
924000 6255
925000 6260
926000 6266
927000 6270
928000 6274
929000 6276
930000 6281
931000 6288
932000 6294
933000 6300
934000 6307
935000 6315
936000 6318
937000 6321
938000 6324
939000 6328
940000 6337
941000 6341
942000 6349
943000 6359
944000 6363
945000 6370
946000 6377
947000 6383
948000 6387
949000 6393
950000 6402
951000 6411
952000 6417
953000 6423
954000 6426
955000 6433
956000 6436
957000 6439
958000 6447
959000 6453
960000 6460
961000 6470
962000 6477
963000 6484
964000 6490
965000 6497
966000 6501
967000 6511
968000 6514
969000 6525
970000 6532
971000 6543
972000 6548
973000 6555
974000 6562
975000 6565
976000 6574
977000 6580
978000 6587
979000 6591
980000 6596
981000 6604
982000 6612
983000 6620
984000 6627
985000 6637
986000 6644
987000 6655
988000 6656
989000 6662
990000 6669
991000 6675
992000 6681
993000 6684
994000 6692
995000 6698
996000 6703
997000 6711
998000 6720
999000 6728
1000000 6734
1001000 6740
1002000 6746
1003000 6753
1004000 6759
1005000 6770
1006000 6779
1007000 6783
1008000 6791
1009000 6803
1010000 6811
1011000 6818
1012000 6827
1013000 6839
1014000 6847
1015000 6851
1016000 6856
1017000 6864
1018000 6871
1019000 6877
1020000 6880
1021000 6885
1022000 6891
1023000 6900
1024000 6905
1025000 6908
1026000 6913
1027000 6921
1028000 6925
1029000 6929
1030000 6937
1031000 6942
1032000 6955
1033000 6966
1034000 6969
1035000 6973
1036000 6980
1037000 6986
1038000 6993
1039000 7003
1040000 7012
1041000 7017
1042000 7019
1043000 7022
1044000 7034
1045000 7043
1046000 7052
1047000 7058
1048000 7063
1049000 7070
1050000 7075
1051000 7082
1052000 7097
1053000 7103
1054000 7115
1055000 7125
1056000 7135
1057000 7140
1058000 7142
1059000 7155
1060000 7158
1061000 7165
1062000 7172
1063000 7180
1064000 7187
1065000 7195
1066000 7200
1067000 7207
1068000 7212
1069000 7215
1070000 7226
1071000 7229
1072000 7235
1073000 7242
1074000 7248
1075000 7254
1076000 7260
1077000 7262
1078000 7270
1079000 7279
1080000 7289
1081000 7294
1082000 7297
1083000 7305
1084000 7310
1085000 7319
1086000 7322
1087000 7333
1088000 7340
1089000 7343
1090000 7348
1091000 7352
1092000 7360
1093000 7366
1094000 7373
1095000 7381
1096000 7394
1097000 7399
1098000 7403
1099000 7411
1100000 7416
1101000 7421
1102000 7431
1103000 7439
1104000 7442
1105000 7447
1106000 7456
1107000 7462
1108000 7470
1109000 7475
1110000 7484
1111000 7490
1112000 7496
1113000 7502
1114000 7509
1115000 7521
1116000 7527
1117000 7539
1118000 7549
1119000 7559
1120000 7568
1121000 7570
1122000 7577
1123000 7583
1124000 7591
1125000 7597
1126000 7607
1127000 7616
1128000 7624
1129000 7632
1130000 7637
1131000 7645
1132000 7653
1133000 7658
1134000 7662
1135000 7670
1136000 7678
1137000 7686
1138000 7689
1139000 7700
1140000 7710
1141000 7716
1142000 7720
1143000 7724
1144000 7725
1145000 7728
1146000 7733
1147000 7736
1148000 7742
1149000 7745
1150000 7750
1151000 7757
1152000 7759
1153000 7765
1154000 7775
1155000 7782
1156000 7795
1157000 7798
1158000 7807
1159000 7809
1160000 7813
1161000 7819
1162000 7825
1163000 7831
1164000 7837
1165000 7843
1166000 7848
1167000 7853
1168000 7862
1169000 7869
1170000 7875
1171000 7880
1172000 7891
1173000 7899
1174000 7908
1175000 7915
1176000 7919
1177000 7926
1178000 7935
1179000 7947
1180000 7954
1181000 7961
1182000 7964
1183000 7969
1184000 7977
1185000 7984
1186000 7991
1187000 7997
1188000 8007
1189000 8011
1190000 8024
1191000 8028
1192000 8033
1193000 8036
1194000 8043
1195000 8049
1196000 8052
1197000 8057
1198000 8068
1199000 8075
1200000 8080
1201000 8087
1202000 8095
1203000 8099
1204000 8105
1205000 8114
1206000 8119
1207000 8123
1208000 8129
1209000 8137
1210000 8141
1211000 8146
1212000 8152
1213000 8158
1214000 8164
1215000 8174
1216000 8183
1217000 8188
1218000 8192
1219000 8198
1220000 8202
1221000 8211
1222000 8215
1223000 8221
1224000 8229
1225000 8234
1226000 8243
1227000 8249
1228000 8255
1229000 8265
1230000 8272
1231000 8282
1232000 8288
1233000 8301
1234000 8309
1235000 8318
1236000 8331
1237000 8340
1238000 8345
1239000 8345
1240000 8349
1241000 8353
1242000 8357
1243000 8363
1244000 8366
1245000 8370
1246000 8381
1247000 8388
1248000 8391
1249000 8396
1250000 8402
1251000 8407
1252000 8414
1253000 8421
1254000 8428
1255000 8438
1256000 8445
1257000 8455
1258000 8461
1259000 8464
1260000 8470
1261000 8478
1262000 8486
1263000 8491
1264000 8498
1265000 8503
1266000 8508
1267000 8516
1268000 8525
1269000 8533
1270000 8539
1271000 8548
1272000 8554
1273000 8565
1274000 8571
1275000 8577
1276000 8580
1277000 8585
1278000 8594
1279000 8604
1280000 8612
1281000 8612
1282000 8619
1283000 8628
1284000 8636
1285000 8642
1286000 8649
1287000 8654
1288000 8659
1289000 8668
1290000 8673
1291000 8677
1292000 8682
1293000 8692
1294000 8697
1295000 8703
1296000 8707
1297000 8717
1298000 8725
1299000 8729
1300000 8734
1301000 8737
1302000 8744
1303000 8746
1304000 8753
1305000 8764
1306000 8769
1307000 8776
1308000 8780
1309000 8789
1310000 8798
1311000 8802
1312000 8808
1313000 8818
1314000 8826
1315000 8837
1316000 8845
1317000 8853
1318000 8858
1319000 8866
1320000 8871
1321000 8875
1322000 8879
1323000 8885
1324000 8889
1325000 8897
1326000 8905
1327000 8911
1328000 8914
1329000 8921
1330000 8928
1331000 8937
1332000 8942
1333000 8951
1334000 8960
1335000 8968
1336000 8976
1337000 8982
1338000 8995
1339000 9001
1340000 9011
1341000 9016
1342000 9026
1343000 9036
1344000 9044
1345000 9048
1346000 9049
1347000 9056
1348000 9067
1349000 9074
1350000 9079
1351000 9088
1352000 9096
1353000 9106
1354000 9114
1355000 9120
1356000 9127
1357000 9132
1358000 9137
1359000 9142
1360000 9151
1361000 9158
1362000 9162
1363000 9167
1364000 9172
1365000 9178
1366000 9185
1367000 9186
1368000 9194
1369000 9198
1370000 9205
1371000 9209
1372000 9217
1373000 9223
1374000 9228
1375000 9233
1376000 9238
1377000 9244
1378000 9251
1379000 9260
1380000 9265
1381000 9269
1382000 9274
1383000 9276
1384000 9282
1385000 9290
1386000 9298
1387000 9306
1388000 9312
1389000 9321
1390000 9334
1391000 9344
1392000 9351
1393000 9358
1394000 9362
1395000 9369
1396000 9372
1397000 9385
1398000 9389
1399000 9395
1400000 9402
1401000 9408
1402000 9411
1403000 9420
1404000 9423
1405000 9433
1406000 9442
1407000 9456
1408000 9464
1409000 9470
1410000 9472
1411000 9483
1412000 9489
1413000 9492
1414000 9497
1415000 9506
1416000 9512
1417000 9518
1418000 9523
1419000 9531
1420000 9536
1421000 9539
1422000 9543
1423000 9549
1424000 9558
1425000 9563
1426000 9569
1427000 9574
1428000 9582
1429000 9586
1430000 9593
1431000 9597
1432000 9601
1433000 9605
1434000 9614
1435000 9626
1436000 9636
1437000 9641
1438000 9647
1439000 9656
1440000 9663
1441000 9668
1442000 9673
1443000 9678
1444000 9685
1445000 9692
1446000 9694
1447000 9705
1448000 9711
1449000 9717
1450000 9722
1451000 9731
1452000 9735
1453000 9747
1454000 9751
1455000 9762
1456000 9768
1457000 9778
1458000 9781
1459000 9790
1460000 9802
1461000 9807
1462000 9814
1463000 9822
1464000 9829
1465000 9836
1466000 9843
1467000 9849
1468000 9854
1469000 9861
1470000 9870
1471000 9871
1472000 9874
1473000 9876
1474000 9887
1475000 9891
1476000 9902
1477000 9912
1478000 9915
1479000 9919
1480000 9931
1481000 9940
1482000 9950
1483000 9952
1484000 9964
1485000 9975
1486000 9980
1487000 9985
1488000 9990
1489000 10000
1490000 10002
1491000 10007
1492000 10012
1493000 10017
1494000 10021
1495000 10026
1496000 10029
1497000 10035
1498000 10042
1499000 10046
1500000 10051
1501000 10060
1502000 10075
1503000 10082
1504000 10091
1505000 10093
1506000 10097
1507000 10099
1508000 10104
1509000 10108
1510000 10113
1511000 10119
1512000 10123
1513000 10129
1514000 10137
1515000 10145
1516000 10149
1517000 10157
1518000 10165
1519000 10169
1520000 10175
1521000 10180
1522000 10188
1523000 10195
1524000 10200
1525000 10205
1526000 10211
1527000 10222
1528000 10230
1529000 10236
1530000 10242
1531000 10249
1532000 10257
1533000 10264
1534000 10276
1535000 10284
1536000 10293
1537000 10298
1538000 10303
1539000 10309
1540000 10316
1541000 10323
1542000 10330
1543000 10337
1544000 10341
1545000 10352
1546000 10361
1547000 10366
1548000 10373
1549000 10378
1550000 10387
1551000 10391
1552000 10397
1553000 10402
1554000 10408
1555000 10416
1556000 10425
1557000 10433
1558000 10439
1559000 10441
1560000 10450
1561000 10454
1562000 10460
1563000 10466
1564000 10476
1565000 10481
1566000 10487
1567000 10498
1568000 10506
1569000 10514
1570000 10518
1571000 10527
1572000 10538
1573000 10546
1574000 10555
1575000 10558
1576000 10567
1577000 10574
1578000 10580
1579000 10587
1580000 10595
1581000 10601
1582000 10609
1583000 10615
1584000 10623
1585000 10631
1586000 10635
1587000 10643
1588000 10647
1589000 10653
1590000 10661
1591000 10667
1592000 10675
1593000 10681
1594000 10689
1595000 10697
1596000 10708
1597000 10715
1598000 10720
1599000 10724
1600000 10731
1601000 10737
1602000 10746
1603000 10754
1604000 10762
1605000 10768
1606000 10774
1607000 10780
1608000 10785
1609000 10790
1610000 10795
1611000 10806
1612000 10812
1613000 10817
1614000 10820
1615000 10824
1616000 10831
1617000 10841
1618000 10842
1619000 10852
1620000 10859
1621000 10869
1622000 10874
1623000 10884
1624000 10889
1625000 10896
1626000 10903
1627000 10907
1628000 10914
1629000 10923
1630000 10924
1631000 10933
1632000 10938
1633000 10946
1634000 10951
1635000 10957
1636000 10961
1637000 10963
1638000 10966
1639000 10972
1640000 10977
1641000 10984
1642000 10991
1643000 10997
1644000 11002
1645000 11009
1646000 11013
1647000 11020
1648000 11022
1649000 11026
1650000 11034
1651000 11048
1652000 11054
1653000 11055
1654000 11057
1655000 11064
1656000 11070
1657000 11074
1658000 11081
1659000 11084
1660000 11091
1661000 11100
1662000 11106
1663000 11108
1664000 11116
1665000 11124
1666000 11132
1667000 11138
1668000 11146
1669000 11152
1670000 11162
1671000 11167
1672000 11178
1673000 11180
1674000 11184
1675000 11189
1676000 11195
1677000 11202
1678000 11210
1679000 11216
1680000 11225
1681000 11231
1682000 11234
1683000 11240
1684000 11246
1685000 11253
1686000 11260
1687000 11269
1688000 11273
1689000 11285
1690000 11293
1691000 11301
1692000 11308
1693000 11314
1694000 11320
1695000 11329
1696000 11334
1697000 11341
1698000 11346
1699000 11353
1700000 11362
1701000 11369
1702000 11373
1703000 11375
1704000 11379
1705000 11382
1706000 11387
1707000 11391
1708000 11397
1709000 11404
1710000 11411
1711000 11415
1712000 11419
1713000 11425
1714000 11434
1715000 11438
1716000 11443
1717000 11447
1718000 11455
1719000 11458
1720000 11466
1721000 11473
1722000 11480
1723000 11486
1724000 11495
1725000 11499
1726000 11504
1727000 11511
1728000 11517
1729000 11528
1730000 11533
1731000 11537
1732000 11543
1733000 11553
1734000 11558
1735000 11564
1736000 11570
1737000 11576
1738000 11584
1739000 11594
1740000 11598
1741000 11609
1742000 11616
1743000 11619
1744000 11625
1745000 11640
1746000 11643
1747000 11655
1748000 11658
1749000 11665
1750000 11673
1751000 11681
1752000 11688
1753000 11698
1754000 11707
1755000 11713
1756000 11718
1757000 11726
1758000 11735
1759000 11741
1760000 11747
1761000 11752
1762000 11759
1763000 11762
1764000 11767
1765000 11770
1766000 11772
1767000 11776
1768000 11781
1769000 11785
1770000 11791
1771000 11795
1772000 11798
1773000 11804
1774000 11807
1775000 11813
1776000 11816
1777000 11821
1778000 11827
1779000 11836
1780000 11846
1781000 11851
1782000 11861
1783000 11865
1784000 11871
1785000 11874
1786000 11878
1787000 11886
1788000 11895
1789000 11900
1790000 11907
1791000 11912
1792000 11918
1793000 11920
1794000 11923
1795000 11927
1796000 11932
1797000 11940
1798000 11948
1799000 11957
1800000 11960
1801000 11964
1802000 11973
1803000 11984
1804000 11991
1805000 11996
1806000 12005
1807000 12012
1808000 12016
1809000 12021
1810000 12029
1811000 12036
1812000 12043
1813000 12047
1814000 12053
1815000 12065
1816000 12069
1817000 12080
1818000 12085
1819000 12093
1820000 12100
1821000 12103
1822000 12111
1823000 12115
1824000 12116
1825000 12122
1826000 12130
1827000 12140
1828000 12145
1829000 12147
1830000 12148
1831000 12160
1832000 12167
1833000 12173
1834000 12176
1835000 12182
1836000 12188
1837000 12196
1838000 12198
1839000 12208
1840000 12214
1841000 12220
1842000 12227
1843000 12233
1844000 12239
1845000 12246
1846000 12252
1847000 12259
1848000 12268
1849000 12280
1850000 12290
1851000 12297
1852000 12303
1853000 12307
1854000 12319
1855000 12325
1856000 12326
1857000 12328
1858000 12332
1859000 12335
1860000 12340
1861000 12344
1862000 12349
1863000 12363
1864000 12369
1865000 12375
1866000 12379
1867000 12383
1868000 12390
1869000 12397
1870000 12399
1871000 12404
1872000 12413
1873000 12422
1874000 12430
1875000 12434
1876000 12441
1877000 12450
1878000 12455
1879000 12458
1880000 12464
1881000 12477
1882000 12487
1883000 12494
1884000 12499
1885000 12504
1886000 12506
1887000 12508
1888000 12519
1889000 12527
1890000 12530
1891000 12535
1892000 12542
1893000 12548
1894000 12557
1895000 12565
1896000 12570
1897000 12577
1898000 12585
1899000 12588
1900000 12596
1901000 12605
1902000 12613
1903000 12616
1904000 12621
1905000 12625
1906000 12633
1907000 12645
1908000 12649
1909000 12655
1910000 12662
1911000 12668
1912000 12674
1913000 12682
1914000 12691
1915000 12698
1916000 12703
1917000 12713
1918000 12721
1919000 12728
1920000 12738
1921000 12745
1922000 12750
1923000 12757
1924000 12764
1925000 12771
1926000 12777
1927000 12780
1928000 12788
1929000 12792
1930000 12801
1931000 12806
1932000 12815
1933000 12822
1934000 12829
1935000 12832
1936000 12835
1937000 12836
1938000 12837
1939000 12842
1940000 12849
1941000 12859
1942000 12866
1943000 12873
1944000 12876
1945000 12885
1946000 12893
1947000 12895
1948000 12904
1949000 12914
1950000 12924
1951000 12932
1952000 12935
1953000 12940
1954000 12947
1955000 12948
1956000 12961
1957000 12967
1958000 12971
1959000 12979
1960000 12987
1961000 12993
1962000 13003
1963000 13006
1964000 13014
1965000 13019
1966000 13028
1967000 13031
1968000 13039
1969000 13046
1970000 13054
1971000 13064
1972000 13073
1973000 13081
1974000 13085
1975000 13093
1976000 13099
1977000 13108
1978000 13116
1979000 13127
1980000 13134
1981000 13139
1982000 13143
1983000 13152
1984000 13156
1985000 13169
1986000 13174
1987000 13183
1988000 13188
1989000 13198
1990000 13205
1991000 13212
1992000 13213
1993000 13218
1994000 13224
1995000 13228
1996000 13236
1997000 13244
1998000 13251
1999000 13259
2000000 13266
