# runs cumulative_reorders
1000 0
2000 0
3000 0
4000 0
5000 0
6000 0
7000 0
8000 0
9000 0
10000 0
11000 0
12000 0
13000 0
14000 1
15000 1
16000 1
17000 1
18000 1
19000 1
20000 1
21000 1
22000 1
23000 1
24000 1
25000 1
26000 2
27000 2
28000 2
29000 2
30000 2
31000 2
32000 2
33000 2
34000 2
35000 2
36000 2
37000 2
38000 2
39000 2
40000 2
41000 3
42000 3
43000 3
44000 3
45000 3
46000 3
47000 3
48000 3
49000 3
50000 3
51000 3
52000 3
53000 3
54000 3
55000 3
56000 3
57000 3
58000 3
59000 3
60000 3
61000 3
62000 3
63000 3
64000 3
65000 3
66000 3
67000 3
68000 3
69000 3
70000 3
71000 3
72000 3
73000 3
74000 3
75000 3
76000 3
77000 3
78000 3
79000 3
80000 3
81000 3
82000 3
83000 3
84000 3
85000 3
86000 3
87000 3
88000 3
89000 3
90000 3
91000 3
92000 3
93000 3
94000 4
95000 4
96000 4
97000 4
98000 4
99000 4
100000 4
101000 4
102000 4
103000 4
104000 4
105000 4
106000 4
107000 4
108000 4
109000 4
110000 4
111000 4
112000 4
113000 4
114000 4
115000 4
116000 4
117000 4
118000 4
119000 4
120000 4
121000 4
122000 4
123000 4
124000 4
125000 4
126000 4
127000 4
128000 4
129000 4
130000 4
131000 4
132000 4
133000 4
134000 4
135000 4
136000 4
137000 4
138000 4
139000 4
140000 4
141000 4
142000 4
143000 5
144000 5
145000 5
146000 5
147000 5
148000 5
149000 5
150000 5
151000 6
152000 6
153000 6
154000 6
155000 6
156000 6
157000 6
158000 6
159000 6
160000 6
161000 6
162000 6
163000 6
164000 6
165000 6
166000 6
167000 6
168000 6
169000 6
170000 6
171000 6
172000 6
173000 6
174000 6
175000 6
176000 6
177000 6
178000 6
179000 6
180000 6
181000 6
182000 6
183000 6
184000 6
185000 6
186000 6
187000 6
188000 6
189000 6
190000 6
191000 6
192000 6
193000 6
194000 6
195000 6
196000 6
197000 6
198000 6
199000 6
200000 6
201000 6
202000 6
203000 6
204000 6
205000 6
206000 6
207000 6
208000 6
209000 6
210000 6
211000 6
212000 6
213000 6
214000 6
215000 6
216000 6
217000 6
218000 6
219000 6
220000 6
221000 6
222000 6
223000 6
224000 6
225000 6
226000 6
227000 6
228000 6
229000 6
230000 6
231000 6
232000 6
233000 6
234000 6
235000 6
236000 6
237000 6
238000 6
239000 6
240000 6
241000 6
242000 6
243000 6
244000 6
245000 6
246000 6
247000 6
248000 6
249000 6
250000 6
251000 6
252000 6
253000 6
254000 6
255000 6
256000 6
257000 6
258000 6
259000 6
260000 6
261000 6
262000 6
263000 6
264000 6
265000 6
266000 6
267000 6
268000 6
269000 6
270000 6
271000 6
272000 6
273000 6
274000 6
275000 6
276000 6
277000 6
278000 6
279000 6
280000 6
281000 6
282000 6
283000 6
284000 6
285000 6
286000 6
287000 6
288000 6
289000 6
290000 6
291000 6
292000 6
293000 6
294000 6
295000 6
296000 6
297000 6
298000 6
299000 6
300000 6
301000 6
302000 6
303000 6
304000 6
305000 6
306000 6
307000 6
308000 6
309000 6
310000 6
311000 6
312000 6
313000 6
314000 6
315000 6
316000 6
317000 6
318000 6
319000 6
320000 6
321000 6
322000 6
323000 6
324000 6
325000 6
326000 6
327000 6
328000 6
329000 6
330000 6
331000 6
332000 6
333000 6
334000 6
335000 6
336000 6
337000 6
338000 6
339000 6
340000 6
341000 6
342000 6
343000 6
344000 6
345000 6
346000 6
347000 6
348000 6
349000 6
350000 6
351000 6
352000 6
353000 6
354000 6
355000 6
356000 6
357000 6
358000 6
359000 6
360000 6
361000 6
362000 6
363000 6
364000 6
365000 6
366000 6
367000 6
368000 6
369000 6
370000 6
371000 6
372000 6
373000 6
374000 6
375000 6
376000 6
377000 6
378000 6
379000 6
380000 6
381000 6
382000 6
383000 6
384000 6
385000 6
386000 6
387000 6
388000 6
389000 6
390000 6
391000 6
392000 6
393000 6
394000 6
395000 6
396000 6
397000 6
398000 6
399000 6
400000 6
401000 6
402000 6
403000 6
404000 6
405000 6
406000 6
407000 6
408000 6
409000 6
410000 6
411000 6
412000 6
413000 6
414000 6
415000 6
416000 6
417000 6
418000 6
419000 6
420000 6
421000 6
422000 6
423000 6
424000 6
425000 6
426000 6
427000 6
428000 6
429000 6
430000 6
431000 6
432000 6
433000 6
434000 6
435000 6
436000 6
437000 6
438000 6
439000 6
440000 6
441000 6
442000 6
443000 6
444000 6
445000 6
446000 6
447000 6
448000 6
449000 6
450000 6
451000 6
452000 6
453000 6
454000 6
455000 6
456000 6
457000 6
458000 6
459000 6
460000 6
461000 6
462000 6
463000 6
464000 6
465000 6
466000 6
467000 6
468000 6
469000 6
470000 6
471000 6
472000 6
473000 6
474000 6
475000 6
476000 6
477000 6
478000 6
479000 6
480000 6
481000 6
482000 6
483000 6
484000 6
485000 6
486000 6
487000 6
488000 6
489000 6
490000 6
491000 6
492000 6
493000 6
494000 6
495000 6
496000 6
497000 6
498000 6
499000 6
500000 6
501000 6
502000 6
503000 6
504000 6
505000 6
506000 6
507000 6
508000 6
509000 6
510000 6
511000 6
512000 6
513000 6
514000 6
515000 6
516000 6
517000 6
518000 6
519000 6
520000 6
521000 6
522000 6
523000 6
524000 6
525000 6
526000 6
527000 6
528000 6
529000 6
530000 6
531000 6
532000 6
533000 6
534000 6
535000 6
536000 6
537000 6
538000 6
539000 6
540000 6
541000 6
542000 6
543000 6
544000 6
545000 6
546000 6
547000 6
548000 6
549000 6
550000 6
551000 6
552000 6
553000 6
554000 6
555000 6
556000 6
557000 6
558000 6
559000 6
560000 6
561000 6
562000 6
563000 6
564000 6
565000 6
566000 6
567000 6
568000 6
569000 6
570000 6
571000 6
572000 6
573000 6
574000 6
575000 6
576000 6
577000 6
578000 6
579000 6
580000 6
581000 6
582000 6
583000 6
584000 6
585000 6
586000 6
587000 6
588000 6
589000 6
590000 6
591000 6
592000 6
593000 6
594000 6
595000 6
596000 6
597000 6
598000 6
599000 6
600000 6
601000 6
602000 6
603000 6
604000 6
605000 6
606000 6
607000 6
608000 6
609000 6
610000 6
611000 6
612000 6
613000 6
614000 6
615000 6
616000 6
617000 6
618000 6
619000 6
620000 6
621000 6
622000 6
623000 6
624000 6
625000 6
626000 6
627000 6
628000 6
629000 6
630000 6
631000 6
632000 6
633000 6
634000 6
635000 6
636000 6
637000 6
638000 6
639000 6
640000 6
641000 6
642000 6
643000 6
644000 6
645000 6
646000 6
647000 6
648000 6
649000 6
650000 6
651000 6
652000 6
653000 6
654000 6
655000 6
656000 6
657000 6
658000 6
659000 6
660000 6
661000 6
662000 6
663000 6
664000 6
665000 6
666000 6
667000 6
668000 6
669000 6
670000 6
671000 6
672000 6
673000 6
674000 6
675000 6
676000 6
677000 6
678000 6
679000 6
680000 6
681000 6
682000 6
683000 6
684000 6
685000 6
686000 6
687000 6
688000 6
689000 6
690000 6
691000 6
692000 6
693000 6
694000 6
695000 6
696000 6
697000 6
698000 6
699000 6
700000 6
701000 6
702000 6
703000 6
704000 6
705000 6
706000 6
707000 6
708000 6
709000 6
710000 6
711000 6
712000 6
713000 6
714000 6
715000 6
716000 6
717000 6
718000 6
719000 6
720000 6
721000 6
722000 6
723000 6
724000 6
725000 6
726000 6
727000 6
728000 6
729000 7
730000 7
731000 7
732000 7
733000 7
734000 7
735000 7
736000 7
737000 7
738000 7
739000 7
740000 7
741000 7
742000 7
743000 7
744000 7
745000 7
746000 7
747000 7
748000 7
749000 7
750000 7
751000 7
752000 7
753000 7
754000 7
755000 7
756000 7
757000 7
758000 7
759000 7
760000 7
761000 7
762000 7
763000 7
764000 7
765000 7
766000 7
767000 7
768000 7
769000 7
770000 7
771000 7
772000 7
773000 7
774000 7
775000 7
776000 7
777000 7
778000 7
779000 7
780000 7
781000 7
782000 7
783000 7
784000 7
785000 7
786000 7
787000 7
788000 7
789000 7
790000 7
791000 7
792000 7
793000 7
794000 7
795000 7
796000 7
797000 7
798000 7
799000 7
800000 7
801000 7
802000 7
803000 7
804000 7
805000 7
806000 7
807000 7
808000 7
809000 7
810000 7
811000 7
812000 7
813000 7
814000 7
815000 7
816000 7
817000 7
818000 7
819000 7
820000 7
821000 7
822000 7
823000 7
824000 7
825000 7
826000 7
827000 7
828000 7
829000 7
830000 7
831000 7
832000 7
833000 7
834000 7
835000 7
836000 7
837000 7
838000 7
839000 7
840000 7
841000 7
842000 7
843000 7
844000 7
845000 7
846000 7
847000 7
848000 7
849000 7
850000 7
851000 7
852000 7
853000 7
854000 7
855000 7
856000 7
857000 7
858000 7
859000 7
860000 7
861000 7
862000 7
863000 7
864000 7
865000 7
866000 7
867000 7
868000 7
869000 7
870000 7
871000 7
872000 7
873000 7
874000 7
875000 7
876000 7
877000 7
878000 7
879000 7
880000 7
881000 7
882000 7
883000 7
884000 7
885000 7
886000 7
887000 7
888000 7
889000 7
890000 7
891000 7
892000 7
893000 7
894000 7
895000 7
896000 7
897000 7
898000 7
899000 7
900000 7
901000 7
902000 7
903000 7
904000 7
905000 7
906000 7
907000 7
908000 7
909000 7
910000 7
911000 7
912000 7
913000 7
914000 7
915000 7
916000 7
917000 7
918000 7
919000 7
920000 7
921000 7
922000 7
923000 7
924000 7
925000 7
926000 7
927000 7
928000 7
929000 7
930000 7
931000 7
932000 7
933000 7
934000 7
935000 7
936000 7
937000 7
938000 7
939000 7
940000 7
941000 7
942000 7
943000 7
944000 7
945000 8
946000 8
947000 8
948000 8
949000 8
950000 8
951000 8
952000 8
953000 8
954000 8
955000 8
956000 8
957000 8
958000 8
959000 8
960000 8
961000 8
962000 8
963000 8
964000 8
965000 8
966000 8
967000 8
968000 8
969000 8
970000 8
971000 8
972000 8
973000 8
974000 8
975000 8
976000 8
977000 8
978000 8
979000 8
980000 8
981000 8
982000 8
983000 8
984000 8
985000 8
986000 8
987000 8
988000 8
989000 8
990000 8
991000 8
992000 8
993000 8
994000 8
995000 8
996000 8
997000 8
998000 8
999000 8
1000000 8
1001000 8
1002000 8
1003000 8
1004000 8
1005000 8
1006000 8
1007000 8
1008000 8
1009000 8
1010000 8
1011000 8
1012000 8
1013000 8
1014000 8
1015000 8
1016000 8
1017000 8
1018000 8
1019000 8
1020000 8
1021000 8
1022000 8
1023000 8
1024000 8
1025000 8
1026000 8
1027000 8
1028000 8
1029000 8
1030000 8
1031000 8
1032000 8
1033000 8
1034000 8
1035000 8
1036000 8
1037000 8
1038000 8
1039000 8
1040000 8
1041000 8
1042000 8
1043000 8
1044000 8
1045000 8
1046000 8
1047000 8
1048000 8
1049000 8
1050000 8
1051000 8
1052000 8
1053000 8
1054000 8
1055000 8
1056000 8
1057000 8
1058000 8
1059000 8
1060000 8
1061000 8
1062000 8
1063000 8
1064000 8
1065000 8
1066000 8
1067000 8
1068000 8
1069000 8
1070000 8
1071000 8
1072000 8
1073000 8
1074000 8
1075000 8
1076000 8
1077000 8
1078000 8
1079000 8
1080000 8
1081000 8
1082000 8
1083000 8
1084000 8
1085000 8
1086000 8
1087000 8
1088000 8
1089000 8
1090000 8
1091000 8
1092000 8
1093000 8
1094000 8
1095000 8
1096000 8
1097000 8
1098000 8
1099000 8
1100000 8
1101000 8
1102000 8
1103000 8
1104000 8
1105000 8
1106000 8
1107000 8
1108000 8
1109000 8
1110000 8
1111000 8
1112000 8
1113000 8
1114000 8
1115000 8
1116000 8
1117000 8
1118000 8
1119000 8
1120000 8
1121000 8
1122000 8
1123000 8
1124000 8
1125000 8
1126000 8
1127000 8
1128000 8
1129000 8
1130000 8
1131000 8
1132000 8
1133000 8
1134000 8
1135000 8
1136000 8
1137000 8
1138000 8
1139000 8
1140000 8
1141000 8
1142000 8
1143000 8
1144000 8
1145000 8
1146000 8
1147000 8
1148000 8
1149000 8
1150000 8
1151000 8
1152000 8
1153000 8
1154000 8
1155000 8
1156000 8
1157000 8
1158000 8
1159000 8
1160000 8
1161000 8
1162000 8
1163000 8
1164000 8
1165000 8
1166000 8
1167000 8
1168000 8
1169000 8
1170000 8
1171000 8
1172000 8
1173000 8
1174000 8
1175000 8
1176000 8
1177000 8
1178000 8
1179000 8
1180000 8
1181000 8
1182000 8
1183000 8
1184000 8
1185000 8
1186000 8
1187000 8
1188000 8
1189000 8
1190000 8
1191000 8
1192000 8
1193000 8
1194000 8
1195000 8
1196000 8
1197000 8
1198000 8
1199000 8
1200000 8
1201000 8
1202000 8
1203000 8
1204000 8
1205000 8
1206000 8
1207000 8
1208000 8
1209000 8
1210000 8
1211000 8
1212000 8
1213000 8
1214000 8
1215000 8
1216000 8
1217000 8
1218000 8
1219000 8
1220000 8
1221000 8
1222000 8
1223000 8
1224000 8
1225000 8
1226000 8
1227000 8
1228000 8
1229000 8
1230000 8
1231000 8
1232000 8
1233000 8
1234000 8
1235000 8
1236000 8
1237000 8
1238000 8
1239000 8
1240000 8
1241000 8
1242000 8
1243000 8
1244000 8
1245000 8
1246000 8
1247000 8
1248000 8
1249000 8
1250000 8
1251000 8
1252000 8
1253000 8
1254000 8
1255000 8
1256000 8
1257000 8
1258000 8
1259000 8
1260000 8
1261000 8
1262000 8
1263000 8
1264000 8
1265000 8
1266000 8
1267000 8
1268000 8
1269000 8
1270000 8
1271000 8
1272000 8
1273000 8
1274000 8
1275000 8
1276000 8
1277000 8
1278000 8
1279000 8
1280000 8
1281000 8
1282000 8
1283000 8
1284000 8
1285000 8
1286000 8
1287000 8
1288000 8
1289000 8
1290000 8
1291000 8
1292000 8
1293000 8
1294000 8
1295000 8
1296000 8
1297000 8
1298000 8
1299000 8
1300000 8
1301000 8
1302000 8
1303000 8
1304000 8
1305000 8
1306000 8
1307000 8
1308000 8
1309000 8
1310000 8
1311000 8
1312000 8
1313000 8
1314000 8
1315000 8
1316000 8
1317000 8
1318000 8
1319000 8
1320000 8
1321000 8
1322000 8
1323000 8
1324000 8
1325000 8
1326000 8
1327000 8
1328000 8
1329000 8
1330000 8
1331000 8
1332000 8
1333000 8
1334000 8
1335000 8
1336000 8
1337000 8
1338000 8
1339000 8
1340000 8
1341000 8
1342000 8
1343000 8
1344000 8
1345000 8
1346000 8
1347000 8
1348000 8
1349000 8
1350000 8
1351000 8
1352000 8
1353000 8
1354000 8
1355000 8
1356000 8
1357000 8
1358000 8
1359000 8
1360000 8
1361000 8
1362000 8
1363000 8
1364000 8
1365000 8
1366000 8
1367000 8
1368000 8
1369000 8
1370000 8
1371000 8
1372000 8
1373000 8
1374000 8
1375000 8
1376000 8
1377000 8
1378000 8
1379000 8
1380000 8
1381000 8
1382000 8
1383000 8
1384000 8
1385000 8
1386000 8
1387000 8
1388000 8
1389000 8
1390000 8
1391000 8
1392000 8
1393000 8
1394000 8
1395000 8
1396000 8
1397000 8
1398000 8
1399000 8
1400000 8
1401000 8
1402000 8
1403000 8
1404000 8
1405000 8
1406000 8
1407000 8
1408000 8
1409000 8
1410000 8
1411000 8
1412000 8
1413000 8
1414000 8
1415000 8
1416000 8
1417000 8
1418000 8
1419000 8
1420000 8
1421000 8
1422000 8
1423000 8
1424000 8
1425000 8
1426000 8
1427000 8
1428000 8
1429000 8
1430000 8
1431000 8
1432000 8
1433000 8
1434000 8
1435000 8
1436000 8
1437000 8
1438000 8
1439000 8
1440000 8
1441000 8
1442000 8
1443000 8
1444000 8
1445000 8
1446000 8
1447000 8
1448000 8
1449000 8
1450000 8
1451000 8
1452000 8
1453000 8
1454000 8
1455000 8
1456000 8
1457000 8
1458000 8
1459000 8
1460000 8
1461000 8
1462000 8
1463000 8
1464000 8
1465000 8
1466000 8
1467000 8
1468000 8
1469000 8
1470000 8
1471000 8
1472000 8
1473000 8
1474000 8
1475000 8
1476000 8
1477000 8
1478000 8
1479000 8
1480000 8
1481000 8
1482000 8
1483000 8
1484000 8
1485000 8
1486000 8
1487000 8
1488000 8
1489000 8
1490000 8
1491000 8
1492000 8
1493000 8
1494000 8
1495000 8
1496000 8
1497000 8
1498000 8
1499000 8
1500000 8
1501000 8
1502000 8
1503000 8
1504000 8
1505000 8
1506000 8
1507000 8
1508000 8
1509000 8
1510000 8
1511000 8
1512000 8
1513000 8
1514000 8
1515000 8
1516000 8
1517000 8
1518000 8
1519000 8
1520000 8
1521000 8
1522000 8
1523000 8
1524000 8
1525000 8
1526000 8
1527000 8
1528000 8
1529000 8
1530000 8
1531000 8
1532000 8
1533000 8
1534000 8
1535000 8
1536000 8
1537000 8
1538000 8
1539000 8
1540000 8
1541000 8
1542000 8
1543000 8
1544000 8
1545000 8
1546000 8
1547000 8
1548000 8
1549000 8
1550000 8
1551000 8
1552000 8
1553000 8
1554000 8
1555000 8
1556000 8
1557000 8
1558000 8
1559000 8
1560000 8
1561000 8
1562000 8
1563000 8
1564000 8
1565000 8
1566000 8
1567000 8
1568000 8
1569000 8
1570000 8
1571000 8
1572000 8
1573000 8
1574000 8
1575000 8
1576000 8
1577000 8
1578000 8
1579000 8
1580000 8
1581000 8
1582000 8
1583000 8
1584000 8
1585000 8
1586000 8
1587000 8
1588000 8
1589000 8
1590000 8
1591000 8
1592000 8
1593000 8
1594000 8
1595000 8
1596000 8
1597000 8
1598000 8
1599000 8
1600000 8
1601000 8
1602000 8
1603000 8
1604000 8
1605000 8
1606000 8
1607000 8
1608000 8
1609000 8
1610000 8
1611000 8
1612000 8
1613000 8
1614000 8
1615000 8
1616000 8
1617000 8
1618000 8
1619000 8
1620000 8
1621000 8
1622000 8
1623000 8
1624000 8
1625000 8
1626000 8
1627000 8
1628000 8
1629000 8
1630000 8
1631000 8
1632000 8
1633000 8
1634000 8
1635000 8
1636000 8
1637000 8
1638000 8
1639000 8
1640000 8
1641000 8
1642000 8
1643000 8
1644000 8
1645000 8
1646000 8
1647000 8
1648000 8
1649000 8
1650000 8
1651000 8
1652000 8
1653000 8
1654000 8
1655000 8
1656000 8
1657000 8
1658000 8
1659000 8
1660000 8
1661000 8
1662000 8
1663000 8
1664000 8
1665000 8
1666000 8
1667000 8
1668000 8
1669000 8
1670000 8
1671000 8
1672000 9
1673000 9
1674000 9
1675000 9
1676000 9
1677000 9
1678000 9
1679000 9
1680000 9
1681000 9
1682000 9
1683000 9
1684000 9
1685000 9
1686000 9
1687000 9
1688000 9
1689000 9
1690000 9
1691000 9
1692000 9
1693000 9
1694000 9
1695000 9
1696000 9
1697000 9
1698000 9
1699000 9
1700000 9
1701000 9
1702000 9
1703000 9
1704000 9
1705000 9
1706000 9
1707000 9
1708000 9
1709000 9
1710000 9
1711000 9
1712000 9
1713000 9
1714000 9
1715000 9
1716000 9
1717000 9
1718000 10
1719000 10
1720000 10
1721000 10
1722000 10
1723000 10
1724000 10
1725000 10
1726000 10
1727000 10
1728000 10
1729000 10
1730000 10
1731000 10
1732000 10
1733000 10
1734000 10
1735000 10
1736000 10
1737000 10
1738000 10
1739000 10
1740000 10
1741000 10
1742000 10
1743000 10
1744000 10
1745000 10
1746000 10
1747000 10
1748000 10
1749000 10
1750000 10
1751000 10
1752000 10
1753000 10
1754000 10
1755000 10
1756000 10
1757000 10
1758000 10
1759000 10
1760000 10
1761000 10
1762000 10
1763000 10
1764000 10
1765000 10
1766000 10
1767000 10
1768000 10
1769000 10
1770000 10
1771000 10
1772000 10
1773000 10
1774000 10
1775000 10
1776000 10
1777000 10
1778000 10
1779000 10
1780000 10
1781000 10
1782000 10
1783000 10
1784000 10
1785000 10
1786000 10
1787000 10
1788000 10
1789000 10
1790000 10
1791000 10
1792000 10
1793000 10
1794000 10
1795000 10
1796000 10
1797000 10
1798000 10
1799000 10
1800000 10
1801000 10
1802000 10
1803000 10
1804000 10
1805000 10
1806000 10
1807000 10
1808000 10
1809000 10
1810000 10
1811000 10
1812000 10
1813000 10
1814000 10
1815000 10
1816000 10
1817000 10
1818000 10
1819000 10
1820000 10
1821000 10
1822000 10
1823000 10
1824000 10
1825000 10
1826000 10
1827000 10
1828000 10
1829000 10
1830000 10
1831000 10
1832000 10
1833000 10
1834000 10
1835000 10
1836000 10
1837000 10
1838000 10
1839000 10
1840000 10
1841000 10
1842000 10
1843000 10
1844000 10
1845000 10
1846000 10
1847000 10
1848000 10
1849000 10
1850000 10
1851000 10
1852000 10
1853000 10
1854000 10
1855000 10
1856000 10
1857000 10
1858000 10
1859000 10
1860000 10
1861000 10
1862000 10
1863000 10
1864000 10
1865000 10
1866000 10
1867000 10
1868000 10
1869000 10
1870000 10
1871000 10
1872000 10
1873000 10
1874000 10
1875000 10
1876000 10
1877000 10
1878000 10
1879000 10
1880000 10
1881000 10
1882000 10
1883000 10
1884000 10
1885000 10
1886000 10
1887000 10
1888000 10
1889000 10
1890000 10
1891000 10
1892000 10
1893000 10
1894000 10
1895000 10
1896000 10
1897000 10
1898000 10
1899000 10
1900000 10
1901000 10
1902000 10
1903000 10
1904000 10
1905000 10
1906000 10
1907000 10
1908000 10
1909000 10
1910000 10
1911000 10
1912000 10
1913000 10
1914000 10
1915000 10
1916000 10
1917000 10
1918000 10
1919000 10
1920000 10
1921000 10
1922000 10
1923000 10
1924000 10
1925000 10
1926000 10
1927000 10
1928000 10
1929000 10
1930000 10
1931000 10
1932000 10
1933000 10
1934000 10
1935000 10
1936000 10
1937000 10
1938000 10
1939000 10
1940000 10
1941000 10
1942000 10
1943000 10
1944000 10
1945000 10
1946000 10
1947000 10
1948000 10
1949000 10
1950000 10
1951000 10
1952000 10
1953000 10
1954000 10
1955000 10
1956000 10
1957000 10
1958000 10
1959000 10
1960000 10
1961000 10
1962000 10
1963000 10
1964000 10
1965000 10
1966000 10
1967000 10
1968000 10
1969000 10
1970000 10
1971000 10
1972000 10
1973000 10
1974000 10
1975000 10
1976000 10
1977000 10
1978000 10
1979000 10
1980000 10
1981000 10
1982000 11
1983000 11
1984000 11
1985000 11
1986000 11
1987000 11
1988000 11
1989000 11
1990000 11
1991000 11
1992000 11
1993000 11
1994000 11
1995000 11
1996000 11
1997000 11
1998000 11
1999000 11
2000000 11
