# runs cumulative_reorders
1000 197
2000 427
3000 634
4000 855
5000 1067
6000 1269
7000 1483
8000 1693
9000 1904
10000 2114
11000 2324
12000 2532
13000 2742
14000 2968
15000 3191
16000 3395
17000 3625
18000 3829
19000 4049
20000 4296
21000 4509
22000 4737
23000 4948
24000 5171
25000 5384
26000 5588
27000 5794
28000 5996
29000 6217
30000 6422
31000 6643
32000 6860
33000 7076
34000 7291
35000 7494
36000 7690
37000 7915
38000 8110
39000 8308
40000 8533
41000 8748
42000 8964
43000 9190
44000 9393
45000 9598
46000 9809
47000 10041
48000 10271
49000 10498
50000 10712
51000 10927
52000 11139
53000 11368
54000 11581
55000 11805
56000 12044
57000 12256
58000 12470
59000 12667
60000 12899
61000 13119
62000 13348
63000 13570
64000 13798
65000 14008
66000 14228
67000 14442
68000 14667
69000 14873
70000 15087
71000 15284
72000 15484
73000 15693
74000 15873
75000 16075
76000 16287
77000 16522
78000 16740
79000 16963
80000 17187
81000 17401
82000 17616
83000 17831
84000 18035
85000 18261
86000 18457
87000 18716
88000 18953
89000 19186
90000 19418
91000 19646
92000 19833
93000 20036
94000 20252
95000 20468
96000 20692
97000 20900
98000 21122
99000 21319
100000 21539
101000 21736
102000 21957
103000 22153
104000 22384
105000 22588
106000 22793
107000 23023
108000 23240
109000 23426
110000 23620
111000 23834
112000 24036
113000 24250
114000 24450
115000 24709
116000 24925
117000 25151
118000 25363
119000 25581
120000 25806
121000 26011
122000 26242
123000 26458
124000 26665
125000 26876
126000 27107
127000 27313
128000 27508
129000 27711
130000 27939
131000 28138
132000 28351
133000 28572
134000 28794
135000 29001
136000 29210
137000 29440
138000 29637
139000 29842
140000 30070
141000 30281
142000 30502
143000 30724
144000 30934
145000 31152
146000 31386
147000 31597
148000 31822
149000 32044
150000 32259
151000 32488
152000 32696
153000 32919
154000 33137
155000 33381
156000 33593
157000 33794
158000 34014
159000 34235
160000 34455
161000 34669
162000 34907
163000 35135
164000 35350
165000 35570
166000 35808
167000 36020
168000 36224
169000 36426
170000 36646
171000 36867
172000 37101
173000 37319
174000 37506
175000 37734
176000 37948
177000 38175
178000 38396
179000 38605
180000 38816
181000 39039
182000 39251
183000 39452
184000 39672
185000 39882
186000 40106
187000 40354
188000 40579
189000 40793
190000 41004
191000 41220
192000 41413
193000 41638
194000 41857
195000 42071
196000 42260
197000 42480
198000 42698
199000 42916
200000 43129
201000 43329
202000 43549
203000 43788
204000 43990
205000 44211
206000 44410
207000 44640
208000 44843
209000 45056
210000 45262
211000 45470
212000 45681
213000 45874
214000 46082
215000 46309
216000 46525
217000 46747
218000 46945
219000 47138
220000 47355
221000 47552
222000 47761
223000 47970
224000 48182
225000 48373
226000 48586
227000 48802
228000 49019
229000 49221
230000 49414
231000 49628
232000 49854
233000 50056
234000 50259
235000 50476
236000 50702
237000 50888
238000 51095
239000 51324
240000 51516
241000 51711
242000 51941
243000 52150
244000 52366
245000 52599
246000 52836
247000 53059
248000 53284
249000 53496
250000 53699
251000 53929
252000 54170
253000 54379
254000 54602
255000 54802
256000 55040
257000 55254
258000 55478
259000 55675
260000 55867
261000 56099
262000 56323
263000 56532
264000 56725
265000 56944
266000 57135
267000 57318
268000 57561
269000 57784
270000 58005
271000 58209
272000 58417
273000 58621
274000 58820
275000 59026
276000 59256
277000 59466
278000 59689
279000 59888
280000 60102
281000 60322
282000 60547
283000 60757
284000 60994
285000 61237
286000 61455
287000 61671
288000 61880
289000 62070
290000 62266
291000 62469
292000 62639
293000 62854
294000 63057
295000 63254
296000 63463
297000 63693
298000 63901
299000 64100
300000 64292
301000 64504
302000 64709
303000 64917
304000 65140
305000 65368
306000 65591
307000 65814
308000 66010
309000 66220
310000 66445
311000 66639
312000 66858
313000 67082
314000 67311
315000 67537
316000 67729
317000 67925
318000 68124
319000 68348
320000 68561
321000 68782
322000 68996
323000 69197
324000 69397
325000 69620
326000 69833
327000 70044
328000 70255
329000 70458
330000 70656
331000 70857
332000 71095
333000 71303
334000 71526
335000 71737
336000 71956
337000 72162
338000 72371
339000 72571
340000 72786
341000 72998
342000 73198
343000 73432
344000 73638
345000 73812
346000 74029
347000 74208
348000 74409
349000 74600
350000 74827
351000 75040
352000 75242
353000 75453
354000 75657
355000 75845
356000 76051
357000 76252
358000 76469
359000 76701
360000 76907
361000 77106
362000 77310
363000 77533
364000 77738
365000 77949
366000 78170
367000 78372
368000 78586
369000 78801
370000 78996
371000 79228
372000 79439
373000 79662
374000 79858
375000 80054
376000 80284
377000 80502
378000 80722
379000 80936
380000 81151
381000 81382
382000 81606
383000 81800
384000 82029
385000 82260
386000 82478
387000 82680
388000 82903
389000 83121
390000 83348
391000 83551
392000 83762
393000 83961
394000 84160
395000 84362
396000 84569
397000 84772
398000 85007
399000 85246
400000 85456
401000 85654
402000 85861
403000 86069
404000 86287
405000 86489
406000 86699
407000 86919
408000 87148
409000 87340
410000 87518
411000 87725
412000 87935
413000 88171
414000 88401
415000 88606
416000 88824
417000 89056
418000 89268
419000 89490
420000 89689
421000 89916
422000 90119
423000 90334
424000 90565
425000 90768
426000 91010
427000 91228
428000 91438
429000 91634
430000 91851
431000 92062
432000 92267
433000 92467
434000 92660
435000 92887
436000 93115
437000 93306
438000 93533
439000 93696
440000 93907
441000 94130
442000 94356
443000 94557
444000 94766
445000 94981
446000 95167
447000 95391
448000 95603
449000 95819
450000 96027
451000 96226
452000 96421
453000 96620
454000 96834
455000 97034
456000 97226
457000 97428
458000 97648
459000 97854
460000 98069
461000 98272
462000 98492
463000 98713
464000 98923
465000 99126
466000 99344
467000 99560
468000 99761
469000 99960
470000 100169
471000 100366
472000 100597
473000 100816
474000 101049
475000 101246
476000 101445
477000 101649
478000 101857
479000 102055
480000 102251
481000 102439
482000 102636
483000 102842
484000 103055
485000 103276
486000 103512
487000 103707
488000 103927
489000 104142
490000 104353
491000 104583
492000 104794
493000 105016
494000 105225
495000 105444
496000 105659
497000 105870
498000 106094
499000 106315
500000 106523
501000 106725
502000 106939
503000 107152
504000 107374
505000 107568
506000 107755
507000 107967
508000 108172
509000 108406
510000 108647
511000 108877
512000 109096
513000 109312
514000 109539
515000 109775
516000 109983
517000 110212
518000 110432
519000 110658
520000 110890
521000 111081
522000 111305
523000 111515
524000 111733
525000 111975
526000 112186
527000 112396
528000 112610
529000 112811
530000 113008
531000 113246
532000 113442
533000 113656
534000 113864
535000 114099
536000 114321
537000 114527
538000 114735
539000 114943
540000 115147
541000 115367
542000 115591
543000 115772
544000 115988
545000 116229
546000 116423
547000 116637
548000 116836
549000 117043
550000 117270
551000 117481
552000 117696
553000 117914
554000 118126
555000 118326
556000 118564
557000 118757
558000 118966
559000 119179
560000 119394
561000 119613
562000 119814
563000 120035
564000 120244
565000 120450
566000 120677
567000 120911
568000 121127
569000 121358
570000 121604
571000 121817
572000 122035
573000 122234
574000 122442
575000 122655
576000 122860
577000 123054
578000 123252
579000 123462
580000 123662
581000 123901
582000 124104
583000 124349
584000 124572
585000 124756
586000 124958
587000 125166
588000 125371
589000 125592
590000 125820
591000 126030
592000 126221
593000 126412
594000 126629
595000 126822
596000 127021
597000 127225
598000 127440
599000 127627
600000 127823
601000 128016
602000 128219
603000 128417
604000 128618
605000 128822
606000 129047
607000 129243
608000 129467
609000 129688
610000 129904
611000 130130
612000 130345
613000 130600
614000 130821
615000 131037
616000 131235
617000 131452
618000 131680
619000 131881
620000 132106
621000 132301
622000 132513
623000 132724
624000 132926
625000 133148
626000 133361
627000 133557
628000 133787
629000 134011
630000 134249
631000 134480
632000 134664
633000 134879
634000 135089
635000 135299
636000 135515
637000 135734
638000 135949
639000 136180
640000 136402
641000 136613
642000 136837
643000 137066
644000 137297
645000 137501
646000 137700
647000 137904
648000 138103
649000 138309
650000 138539
651000 138764
652000 138963
653000 139176
654000 139374
655000 139570
656000 139814
657000 140018
658000 140217
659000 140396
660000 140595
661000 140782
662000 141004
663000 141195
664000 141402
665000 141621
666000 141839
667000 142030
668000 142239
669000 142443
670000 142682
671000 142875
672000 143093
673000 143299
674000 143510
675000 143716
676000 143912
677000 144109
678000 144307
679000 144510
680000 144721
681000 144923
682000 145138
683000 145353
684000 145557
685000 145763
686000 145956
687000 146192
688000 146399
689000 146619
690000 146817
691000 147033
692000 147252
693000 147498
694000 147700
695000 147926
696000 148147
697000 148361
698000 148567
699000 148749
700000 148957
701000 149175
702000 149373
703000 149572
704000 149766
705000 149946
706000 150150
707000 150346
708000 150552
709000 150757
710000 150953
711000 151162
712000 151383
713000 151615
714000 151861
715000 152075
716000 152297
717000 152516
718000 152715
719000 152929
720000 153142
721000 153356
722000 153574
723000 153793
724000 153999
725000 154203
726000 154406
727000 154612
728000 154832
729000 155050
730000 155265
731000 155465
732000 155678
733000 155877
734000 156090
735000 156298
736000 156498
737000 156709
738000 156902
739000 157108
740000 157355
741000 157570
742000 157795
743000 158019
744000 158221
745000 158432
746000 158638
747000 158866
748000 159082
749000 159309
750000 159517
751000 159712
752000 159921
753000 160143
754000 160371
755000 160585
756000 160815
757000 161019
758000 161253
759000 161442
760000 161663
761000 161871
762000 162083
763000 162286
764000 162486
765000 162683
766000 162872
767000 163099
768000 163282
769000 163477
770000 163698
771000 163906
772000 164143
773000 164366
774000 164587
775000 164783
776000 164968
777000 165189
778000 165400
779000 165620
780000 165857
781000 166097
782000 166326
783000 166517
784000 166715
785000 166913
786000 167151
787000 167374
788000 167589
789000 167799
790000 168007
791000 168213
792000 168419
793000 168641
794000 168861
795000 169072
796000 169291
797000 169496
798000 169705
799000 169903
800000 170119
801000 170348
802000 170565
803000 170792
804000 170983
805000 171196
806000 171394
807000 171605
808000 171813
809000 172016
810000 172196
811000 172420
812000 172629
813000 172854
814000 173073
815000 173281
816000 173500
817000 173719
818000 173925
819000 174147
820000 174354
821000 174549
822000 174732
823000 174954
824000 175167
825000 175361
826000 175598
827000 175818
828000 176044
829000 176270
830000 176474
831000 176686
832000 176846
833000 177050
834000 177266
835000 177461
836000 177672
837000 177867
838000 178089
839000 178306
840000 178517
841000 178727
842000 178943
843000 179152
844000 179354
845000 179570
846000 179799
847000 180012
848000 180228
849000 180459
850000 180662
851000 180876
852000 181081
853000 181292
854000 181514
855000 181740
856000 181956
857000 182148
858000 182352
859000 182545
860000 182746
861000 182979
862000 183192
863000 183421
864000 183665
865000 183871
866000 184089
867000 184305
868000 184506
869000 184710
870000 184932
871000 185148
872000 185377
873000 185595
874000 185839
875000 186044
876000 186254
877000 186459
878000 186671
879000 186897
880000 187102
881000 187332
882000 187579
883000 187809
884000 188026
885000 188247
886000 188467
887000 188700
888000 188905
889000 189113
890000 189353
891000 189578
892000 189796
893000 190015
894000 190203
895000 190411
896000 190627
897000 190852
898000 191065
899000 191283
900000 191496
901000 191692
902000 191892
903000 192090
904000 192315
905000 192532
906000 192763
907000 192983
908000 193222
909000 193447
910000 193658
911000 193856
912000 194041
913000 194260
914000 194453
915000 194661
916000 194870
917000 195085
918000 195287
919000 195502
920000 195681
921000 195880
922000 196096
923000 196299
924000 196482
925000 196681
926000 196897
927000 197098
928000 197320
929000 197535
930000 197780
931000 197985
932000 198187
933000 198380
934000 198591
935000 198787
936000 198987
937000 199181
938000 199369
939000 199584
940000 199793
941000 199978
942000 200191
943000 200422
944000 200664
945000 200875
946000 201085
947000 201315
948000 201525
949000 201725
950000 201922
951000 202143
952000 202358
953000 202588
954000 202795
955000 202985
956000 203186
957000 203393
958000 203619
959000 203841
960000 204074
961000 204283
962000 204486
963000 204706
964000 204918
965000 205124
966000 205353
967000 205547
968000 205756
969000 205971
970000 206176
971000 206368
972000 206581
973000 206819
974000 207037
975000 207283
976000 207507
977000 207712
978000 207927
979000 208143
980000 208337
981000 208578
982000 208806
983000 209020
984000 209237
985000 209460
986000 209675
987000 209903
988000 210106
989000 210311
990000 210524
991000 210741
992000 210945
993000 211154
994000 211383
995000 211614
996000 211825
997000 212046
998000 212268
999000 212484
1000000 212698
1001000 212899
1002000 213143
1003000 213394
1004000 213610
1005000 213823
1006000 214026
1007000 214240
1008000 214461
1009000 214686
1010000 214903
1011000 215112
1012000 215308
1013000 215532
1014000 215767
1015000 215976
1016000 216205
1017000 216430
1018000 216649
1019000 216871
1020000 217107
1021000 217321
1022000 217513
1023000 217705
1024000 217909
1025000 218111
1026000 218309
1027000 218541
1028000 218765
1029000 218980
1030000 219186
1031000 219406
1032000 219595
1033000 219785
1034000 220020
1035000 220221
1036000 220429
1037000 220656
1038000 220882
1039000 221095
1040000 221307
1041000 221520
1042000 221731
1043000 221968
1044000 222174
1045000 222378
1046000 222588
1047000 222815
1048000 223025
1049000 223231
1050000 223475
1051000 223700
1052000 223901
1053000 224123
1054000 224330
1055000 224550
1056000 224755
1057000 224949
1058000 225165
1059000 225381
1060000 225604
1061000 225808
1062000 226010
1063000 226222
1064000 226459
1065000 226662
1066000 226909
1067000 227123
1068000 227347
1069000 227570
1070000 227784
1071000 227987
1072000 228198
1073000 228425
1074000 228652
1075000 228870
1076000 229076
1077000 229289
1078000 229510
1079000 229724
1080000 229910
1081000 230117
1082000 230332
1083000 230559
1084000 230759
1085000 230960
1086000 231180
1087000 231397
1088000 231631
1089000 231876
1090000 232079
1091000 232286
1092000 232505
1093000 232703
1094000 232913
1095000 233119
1096000 233344
1097000 233562
1098000 233793
1099000 234017
1100000 234242
1101000 234458
1102000 234683
1103000 234907
1104000 235117
1105000 235312
1106000 235533
1107000 235749
1108000 235951
1109000 236145
1110000 236369
1111000 236574
1112000 236792
1113000 237015
1114000 237238
1115000 237455
1116000 237667
1117000 237872
1118000 238060
1119000 238284
1120000 238466
1121000 238670
1122000 238877
1123000 239091
1124000 239341
1125000 239570
1126000 239811
1127000 240019
1128000 240246
1129000 240472
1130000 240696
1131000 240918
1132000 241150
1133000 241369
1134000 241582
1135000 241796
1136000 242006
1137000 242234
1138000 242467
1139000 242671
1140000 242874
1141000 243073
1142000 243287
1143000 243484
1144000 243717
1145000 243932
1146000 244137
1147000 244338
1148000 244555
1149000 244775
1150000 244984
1151000 245188
1152000 245402
1153000 245606
1154000 245824
1155000 246030
1156000 246249
1157000 246462
1158000 246694
1159000 246918
1160000 247135
1161000 247365
1162000 247580
1163000 247780
1164000 247992
1165000 248206
1166000 248430
1167000 248654
1168000 248875
1169000 249092
1170000 249297
1171000 249502
1172000 249687
1173000 249884
1174000 250086
1175000 250275
1176000 250487
1177000 250715
1178000 250932
1179000 251120
1180000 251328
1181000 251537
1182000 251744
1183000 251956
1184000 252179
1185000 252388
1186000 252603
1187000 252811
1188000 253020
1189000 253234
1190000 253454
1191000 253665
1192000 253883
1193000 254117
1194000 254313
1195000 254525
1196000 254746
1197000 254944
1198000 255147
1199000 255375
1200000 255588
1201000 255797
1202000 256004
1203000 256221
1204000 256424
1205000 256639
1206000 256832
1207000 257044
1208000 257255
1209000 257459
1210000 257678
1211000 257886
1212000 258114
1213000 258345
1214000 258551
1215000 258791
1216000 258993
1217000 259208
1218000 259410
1219000 259601
1220000 259801
1221000 260023
1222000 260231
1223000 260450
1224000 260650
1225000 260876
1226000 261089
1227000 261305
1228000 261526
1229000 261750
1230000 261975
1231000 262251
1232000 262512
1233000 262754
1234000 262962
1235000 263180
1236000 263386
1237000 263606
1238000 263812
1239000 264012
1240000 264216
1241000 264404
1242000 264614
1243000 264827
1244000 265031
1245000 265273
1246000 265503
1247000 265731
1248000 265933
1249000 266143
1250000 266361
1251000 266570
1252000 266790
1253000 267000
1254000 267210
1255000 267432
1256000 267639
1257000 267860
1258000 268067
1259000 268274
1260000 268496
1261000 268710
1262000 268927
1263000 269130
1264000 269347
1265000 269536
1266000 269752
1267000 269969
1268000 270187
1269000 270430
1270000 270652
1271000 270874
1272000 271078
1273000 271263
1274000 271474
1275000 271687
1276000 271927
1277000 272118
1278000 272324
1279000 272539
1280000 272779
1281000 272982
1282000 273194
1283000 273391
1284000 273620
1285000 273829
1286000 274041
1287000 274247
1288000 274464
1289000 274657
1290000 274871
1291000 275095
1292000 275314
1293000 275516
1294000 275741
1295000 275946
1296000 276168
1297000 276395
1298000 276619
1299000 276846
1300000 277040
1301000 277250
1302000 277480
1303000 277703
1304000 277932
1305000 278170
1306000 278366
1307000 278570
1308000 278771
1309000 278982
1310000 279174
1311000 279386
1312000 279605
1313000 279779
1314000 279981
1315000 280195
1316000 280398
1317000 280631
1318000 280836
1319000 281052
1320000 281283
1321000 281512
1322000 281738
1323000 281963
1324000 282186
1325000 282402
1326000 282615
1327000 282834
1328000 283080
1329000 283298
1330000 283523
1331000 283749
1332000 283959
1333000 284168
1334000 284384
1335000 284572
1336000 284790
1337000 285027
1338000 285234
1339000 285453
1340000 285657
1341000 285855
1342000 286083
1343000 286310
1344000 286531
1345000 286737
1346000 286954
1347000 287168
1348000 287372
1349000 287581
1350000 287790
1351000 288003
1352000 288218
1353000 288436
1354000 288652
1355000 288862
1356000 289061
1357000 289293
1358000 289535
1359000 289743
1360000 289950
1361000 290180
1362000 290387
1363000 290612
1364000 290829
1365000 291017
1366000 291231
1367000 291461
1368000 291661
1369000 291862
1370000 292065
1371000 292282
1372000 292503
1373000 292703
1374000 292919
1375000 293133
1376000 293362
1377000 293579
1378000 293789
1379000 293999
1380000 294226
1381000 294430
1382000 294631
1383000 294838
1384000 295065
1385000 295271
1386000 295450
1387000 295662
1388000 295865
1389000 296096
1390000 296332
1391000 296539
1392000 296728
1393000 296929
1394000 297146
1395000 297336
1396000 297544
1397000 297743
1398000 297935
1399000 298169
1400000 298387
1401000 298581
1402000 298812
1403000 299014
1404000 299236
1405000 299433
1406000 299656
1407000 299861
1408000 300074
1409000 300282
1410000 300498
1411000 300707
1412000 300922
1413000 301134
1414000 301364
1415000 301569
1416000 301791
1417000 302012
1418000 302217
1419000 302438
1420000 302638
1421000 302827
1422000 303025
1423000 303247
1424000 303441
1425000 303667
1426000 303892
1427000 304100
1428000 304316
1429000 304504
1430000 304724
1431000 304922
1432000 305125
1433000 305362
1434000 305541
1435000 305754
1436000 305961
1437000 306171
1438000 306372
1439000 306561
1440000 306782
1441000 306997
1442000 307220
1443000 307431
1444000 307633
1445000 307862
1446000 308099
1447000 308314
1448000 308539
1449000 308752
1450000 308957
1451000 309168
1452000 309398
1453000 309628
1454000 309861
1455000 310072
1456000 310289
1457000 310477
1458000 310699
1459000 310900
1460000 311101
1461000 311316
1462000 311525
1463000 311718
1464000 311942
1465000 312155
1466000 312363
1467000 312592
1468000 312816
1469000 313003
1470000 313201
1471000 313403
1472000 313588
1473000 313779
1474000 313980
1475000 314198
1476000 314415
1477000 314624
1478000 314832
1479000 315020
1480000 315198
1481000 315403
1482000 315635
1483000 315829
1484000 316039
1485000 316242
1486000 316439
1487000 316641
1488000 316849
1489000 317057
1490000 317267
1491000 317476
1492000 317679
1493000 317901
1494000 318102
1495000 318318
1496000 318535
1497000 318754
1498000 318963
1499000 319182
1500000 319402
1501000 319610
1502000 319825
1503000 320026
1504000 320226
1505000 320440
1506000 320638
1507000 320840
1508000 321072
1509000 321271
1510000 321452
1511000 321645
1512000 321843
1513000 322080
1514000 322308
1515000 322517
1516000 322721
1517000 322922
1518000 323151
1519000 323354
1520000 323585
1521000 323799
1522000 324012
1523000 324225
1524000 324456
1525000 324666
1526000 324896
1527000 325115
1528000 325340
1529000 325560
1530000 325781
1531000 325987
1532000 326196
1533000 326408
1534000 326614
1535000 326816
1536000 327026
1537000 327249
1538000 327457
1539000 327670
1540000 327871
1541000 328095
1542000 328313
1543000 328530
1544000 328756
1545000 328977
1546000 329180
1547000 329382
1548000 329592
1549000 329795
1550000 330018
1551000 330215
1552000 330431
1553000 330633
1554000 330840
1555000 331032
1556000 331264
1557000 331480
1558000 331698
1559000 331905
1560000 332112
1561000 332347
1562000 332571
1563000 332775
1564000 332994
1565000 333199
1566000 333421
1567000 333635
1568000 333856
1569000 334068
1570000 334302
1571000 334515
1572000 334697
1573000 334912
1574000 335139
1575000 335346
1576000 335566
1577000 335775
1578000 335959
1579000 336163
1580000 336398
1581000 336608
1582000 336815
1583000 337034
1584000 337239
1585000 337456
1586000 337667
1587000 337899
1588000 338110
1589000 338300
1590000 338519
1591000 338724
1592000 338932
1593000 339169
1594000 339391
1595000 339585
1596000 339781
1597000 339985
1598000 340214
1599000 340408
1600000 340615
1601000 340805
1602000 340999
1603000 341211
1604000 341427
1605000 341656
1606000 341862
1607000 342094
1608000 342328
1609000 342539
1610000 342766
1611000 342964
1612000 343151
1613000 343376
1614000 343580
1615000 343811
1616000 344022
1617000 344248
1618000 344460
1619000 344697
1620000 344945
1621000 345186
1622000 345403
1623000 345603
1624000 345818
1625000 346040
1626000 346257
1627000 346476
1628000 346685
1629000 346893
1630000 347108
1631000 347304
1632000 347504
1633000 347722
1634000 347939
1635000 348171
1636000 348383
1637000 348592
1638000 348798
1639000 349018
1640000 349211
1641000 349421
1642000 349647
1643000 349866
1644000 350085
1645000 350322
1646000 350537
1647000 350764
1648000 351004
1649000 351234
1650000 351459
1651000 351668
1652000 351900
1653000 352141
1654000 352346
1655000 352529
1656000 352756
1657000 352966
1658000 353175
1659000 353403
1660000 353628
1661000 353875
1662000 354101
1663000 354297
1664000 354481
1665000 354675
1666000 354877
1667000 355087
1668000 355320
1669000 355550
1670000 355742
1671000 355951
1672000 356161
1673000 356396
1674000 356617
1675000 356832
1676000 357046
1677000 357274
1678000 357482
1679000 357691
1680000 357899
1681000 358104
1682000 358324
1683000 358528
1684000 358738
1685000 358955
1686000 359159
1687000 359346
1688000 359567
1689000 359799
1690000 360009
1691000 360218
1692000 360408
1693000 360648
1694000 360862
1695000 361073
1696000 361280
1697000 361489
1698000 361695
1699000 361893
1700000 362115
1701000 362329
1702000 362531
1703000 362740
1704000 362968
1705000 363186
1706000 363405
1707000 363629
1708000 363872
1709000 364101
1710000 364324
1711000 364541
1712000 364756
1713000 364971
1714000 365175
1715000 365407
1716000 365615
1717000 365837
1718000 366045
1719000 366256
1720000 366503
1721000 366721
1722000 366936
1723000 367145
1724000 367351
1725000 367568
1726000 367792
1727000 368006
1728000 368222
1729000 368436
1730000 368665
1731000 368880
1732000 369105
1733000 369318
1734000 369534
1735000 369725
1736000 369940
1737000 370147
1738000 370366
1739000 370588
1740000 370794
1741000 371010
1742000 371229
1743000 371437
1744000 371646
1745000 371882
1746000 372111
1747000 372330
1748000 372558
1749000 372757
1750000 372976
1751000 373211
1752000 373438
1753000 373638
1754000 373845
1755000 374056
1756000 374282
1757000 374492
1758000 374678
1759000 374896
1760000 375128
1761000 375366
1762000 375584
1763000 375809
1764000 376029
1765000 376249
1766000 376447
1767000 376678
1768000 376883
1769000 377081
1770000 377309
1771000 377530
1772000 377734
1773000 377945
1774000 378141
1775000 378346
1776000 378565
1777000 378792
1778000 379018
1779000 379220
1780000 379437
1781000 379648
1782000 379852
1783000 380053
1784000 380268
1785000 380451
1786000 380674
1787000 380883
1788000 381101
1789000 381317
1790000 381545
1791000 381767
1792000 382000
1793000 382232
1794000 382479
1795000 382727
1796000 382973
1797000 383188
1798000 383421
1799000 383618
1800000 383823
1801000 384038
1802000 384256
1803000 384477
1804000 384689
1805000 384907
1806000 385126
1807000 385329
1808000 385548
1809000 385798
1810000 386004
1811000 386219
1812000 386436
1813000 386653
1814000 386871
1815000 387086
1816000 387305
1817000 387538
1818000 387767
1819000 387974
1820000 388185
1821000 388370
1822000 388575
1823000 388824
1824000 389057
1825000 389288
1826000 389521
1827000 389757
1828000 389978
1829000 390218
1830000 390430
1831000 390684
1832000 390904
1833000 391134
1834000 391357
1835000 391577
1836000 391779
1837000 392001
1838000 392228
1839000 392461
1840000 392681
1841000 392914
1842000 393120
1843000 393359
1844000 393565
1845000 393807
1846000 394021
1847000 394247
1848000 394466
1849000 394700
1850000 394924
1851000 395162
1852000 395380
1853000 395599
1854000 395797
1855000 396001
1856000 396216
1857000 396430
1858000 396635
1859000 396866
1860000 397113
1861000 397332
1862000 397550
1863000 397769
1864000 397999
1865000 398205
1866000 398407
1867000 398651
1868000 398866
1869000 399080
1870000 399309
1871000 399520
1872000 399741
1873000 399963
1874000 400162
1875000 400366
1876000 400594
1877000 400800
1878000 401019
1879000 401224
1880000 401444
1881000 401649
1882000 401877
1883000 402109
1884000 402332
1885000 402547
1886000 402747
1887000 402992
1888000 403184
1889000 403408
1890000 403625
1891000 403839
1892000 404031
1893000 404261
1894000 404471
1895000 404703
1896000 404945
1897000 405165
1898000 405412
1899000 405633
1900000 405842
1901000 406037
1902000 406270
1903000 406485
1904000 406701
1905000 406926
1906000 407154
1907000 407360
1908000 407572
1909000 407798
1910000 408037
1911000 408288
1912000 408530
1913000 408759
1914000 408994
1915000 409223
1916000 409445
1917000 409673
1918000 409909
1919000 410146
1920000 410376
1921000 410593
1922000 410813
1923000 411036
1924000 411261
1925000 411478
1926000 411695
1927000 411936
1928000 412150
1929000 412352
1930000 412582
1931000 412795
1932000 413021
1933000 413243
1934000 413470
1935000 413674
1936000 413896
1937000 414125
1938000 414323
1939000 414524
1940000 414749
1941000 414958
1942000 415197
1943000 415406
1944000 415634
1945000 415863
1946000 416085
1947000 416296
1948000 416512
1949000 416720
1950000 416939
1951000 417167
1952000 417410
1953000 417625
1954000 417833
1955000 418051
1956000 418257
1957000 418475
1958000 418710
1959000 418946
1960000 419163
1961000 419378
1962000 419584
1963000 419816
1964000 420020
1965000 420258
1966000 420439
1967000 420651
1968000 420864
1969000 421104
1970000 421316
1971000 421542
1972000 421769
1973000 421987
1974000 422197
1975000 422375
1976000 422582
1977000 422782
1978000 422986
1979000 423206
1980000 423429
1981000 423645
1982000 423877
1983000 424100
1984000 424313
1985000 424522
1986000 424739
1987000 424941
1988000 425168
1989000 425376
1990000 425603
1991000 425820
1992000 426017
1993000 426211
1994000 426398
1995000 426608
1996000 426783
1997000 426983
1998000 427175
1999000 427409
2000000 427629
