# pair test iterations weak_count weak_percent runtime_sec c00 c01 c10 c11
cpu0-1 SB_relaxed 2000000 238506 11.9253 1.032 238506 920408 840609 477
cpu0-1 SB_release_acquire 2000000 0 0.0000 1.103 0 734278 842149 423573
cpu0-1 SB_seq_cst 2000000 0 0.0000 1.082 0 715930 860605 423465
cpu0-1 SB_relaxed_dmb_ish 2000000 0 0.0000 1.072 0 769922 800107 429971
cpu0-1 MP_relaxed 2000000 11306 0.5653 1.046 1092130 69155 11306 827409
cpu0-1 MP_release_acquire 2000000 0 0.0000 1.281 848294 471459 0 680247
cpu0-1 MP_relaxed_fences 2000000 0 0.0000 1.174 839866 486495 0 673639
cpu0-1 MP_only_writer_release 2000000 79 0.0040 1.073 1147513 256694 79 595714
cpu0-1 LB_relaxed 2000000 0 0.0000 1.041 464696 719453 815851 0
cpu0-1 LB_store_release 2000000 0 0.0000 1.133 804914 519086 676000 0
cpu6-7 SB_relaxed 2000000 427629 21.3815 0.561 427629 1557647 14723 1
cpu6-7 SB_release_acquire 2000000 0 0.0000 0.634 0 1620740 49914 329346
cpu6-7 SB_seq_cst 2000000 0 0.0000 0.634 0 1586139 69617 344244
cpu6-7 SB_relaxed_dmb_ish 2000000 0 0.0000 0.625 0 1633959 29679 336362
cpu6-7 MP_relaxed 2000000 51192 2.5596 0.547 349815 92104 51192 1506889
cpu6-7 MP_release_acquire 2000000 0 0.0000 0.554 397827 97757 0 1504416
cpu6-7 MP_relaxed_fences 2000000 0 0.0000 0.590 1144890 603028 0 252082
cpu6-7 MP_only_writer_release 2000000 43049 2.1524 0.576 402995 99647 43049 1454309
cpu6-7 LB_relaxed 2000000 0 0.0000 0.626 464379 1526206 9415 0
cpu6-7 LB_store_release 2000000 0 0.0000 0.650 445978 1551055 2967 0
cpu0-7 SB_relaxed 2000000 357890 17.8945 0.795 357890 555898 1085849 363
cpu0-7 SB_release_acquire 2000000 0 0.0000 0.866 0 544045 1112629 343326
cpu0-7 SB_seq_cst 2000000 0 0.0000 0.837 0 572027 1076569 351404
cpu0-7 SB_relaxed_dmb_ish 2000000 0 0.0000 0.841 0 578666 1079324 342010
cpu0-7 MP_relaxed 2000000 13266 0.6633 0.786 1302744 57712 13266 626278
cpu0-7 MP_release_acquire 2000000 0 0.0000 0.844 1315285 257339 0 427376
cpu0-7 MP_relaxed_fences 2000000 0 0.0000 0.843 1245476 299738 0 454786
cpu0-7 MP_only_writer_release 2000000 11 0.0006 0.842 1280292 281009 11 438688
cpu0-7 LB_relaxed 2000000 0 0.0000 0.832 501751 443171 1055078 0
cpu0-7 LB_store_release 2000000 0 0.0000 0.863 644085 271448 1084467 0
