# runs cumulative_reorders
1000 0
2000 0
3000 0
4000 1
5000 2
6000 3
7000 4
8000 4
9000 4
10000 4
11000 4
12000 4
13000 5
14000 7
15000 7
16000 7
17000 7
18000 7
19000 7
20000 7
21000 7
22000 7
23000 7
24000 7
25000 7
26000 7
27000 7
28000 7
29000 7
30000 7
31000 7
32000 7
33000 7
34000 7
35000 7
36000 7
37000 7
38000 7
39000 7
40000 7
41000 7
42000 7
43000 7
44000 8
45000 8
46000 8
47000 8
48000 8
49000 8
50000 8
51000 8
52000 8
53000 8
54000 8
55000 8
56000 9
57000 9
58000 9
59000 9
60000 9
61000 9
62000 9
63000 9
64000 9
65000 9
66000 9
67000 9
68000 9
69000 9
70000 9
71000 9
72000 9
73000 9
74000 9
75000 9
76000 9
77000 9
78000 9
79000 9
80000 9
81000 9
82000 9
83000 9
84000 9
85000 9
86000 9
87000 9
88000 9
89000 9
90000 9
91000 9
92000 9
93000 9
94000 9
95000 9
96000 9
97000 9
98000 9
99000 9
100000 9
101000 9
102000 9
103000 9
104000 9
105000 9
106000 9
107000 9
108000 9
109000 9
110000 9
111000 9
112000 9
113000 9
114000 9
115000 9
116000 9
117000 9
118000 9
119000 9
120000 9
121000 9
122000 9
123000 9
124000 9
125000 9
126000 9
127000 9
128000 9
129000 9
130000 9
131000 9
132000 9
133000 9
134000 9
135000 9
136000 9
137000 9
138000 9
139000 9
140000 9
141000 9
142000 9
143000 9
144000 9
145000 9
146000 9
147000 9
148000 9
149000 9
150000 9
151000 9
152000 9
153000 9
154000 9
155000 10
156000 10
157000 10
158000 10
159000 10
160000 10
161000 10
162000 10
163000 10
164000 10
165000 10
166000 10
167000 10
168000 10
169000 10
170000 10
171000 10
172000 10
173000 10
174000 10
175000 10
176000 10
177000 10
178000 10
179000 10
180000 10
181000 10
182000 10
183000 10
184000 10
185000 10
186000 10
187000 10
188000 10
189000 10
190000 10
191000 10
192000 10
193000 10
194000 10
195000 10
196000 10
197000 11
198000 11
199000 11
200000 11
201000 11
202000 11
203000 12
204000 12
205000 12
206000 12
207000 12
208000 12
209000 12
210000 13
211000 13
212000 13
213000 13
214000 13
215000 13
216000 13
217000 13
218000 13
219000 13
220000 13
221000 13
222000 13
223000 13
224000 13
225000 13
226000 13
227000 13
228000 13
229000 13
230000 13
231000 13
232000 13
233000 13
234000 13
235000 13
236000 13
237000 14
238000 14
239000 15
240000 16
241000 16
242000 16
243000 16
244000 16
245000 16
246000 16
247000 16
248000 16
249000 16
250000 16
251000 16
252000 16
253000 17
254000 17
255000 17
256000 17
257000 17
258000 17
259000 17
260000 17
261000 17
262000 17
263000 17
264000 17
265000 17
266000 17
267000 17
268000 17
269000 17
270000 17
271000 17
272000 18
273000 18
274000 18
275000 18
276000 18
277000 18
278000 18
279000 18
280000 18
281000 18
282000 18
283000 18
284000 19
285000 19
286000 19
287000 19
288000 19
289000 19
290000 19
291000 19
292000 19
293000 19
294000 19
295000 19
296000 19
297000 19
298000 19
299000 19
300000 19
301000 19
302000 19
303000 19
304000 19
305000 19
306000 19
307000 19
308000 20
309000 20
310000 20
311000 20
312000 20
313000 21
314000 21
315000 22
316000 22
317000 22
318000 22
319000 22
320000 22
321000 22
322000 22
323000 22
324000 22
325000 22
326000 22
327000 22
328000 22
329000 22
330000 23
331000 23
332000 23
333000 23
334000 23
335000 23
336000 24
337000 24
338000 24
339000 24
340000 24
341000 25
342000 25
343000 25
344000 25
345000 25
346000 25
347000 26
348000 26
349000 26
350000 26
351000 26
352000 26
353000 26
354000 26
355000 26
356000 26
357000 26
358000 26
359000 26
360000 26
361000 27
362000 28
363000 28
364000 28
365000 28
366000 28
367000 28
368000 28
369000 28
370000 28
371000 28
372000 28
373000 28
374000 28
375000 28
376000 28
377000 29
378000 29
379000 29
380000 29
381000 29
382000 29
383000 29
384000 29
385000 29
386000 29
387000 29
388000 29
389000 29
390000 29
391000 29
392000 29
393000 29
394000 29
395000 29
396000 29
397000 29
398000 29
399000 29
400000 29
401000 30
402000 30
403000 30
404000 30
405000 30
406000 30
407000 30
408000 30
409000 30
410000 30
411000 30
412000 30
413000 30
414000 30
415000 30
416000 31
417000 31
418000 31
419000 31
420000 31
421000 31
422000 31
423000 31
424000 33
425000 33
426000 33
427000 33
428000 33
429000 33
430000 33
431000 33
432000 34
433000 34
434000 34
435000 34
436000 34
437000 34
438000 34
439000 35
440000 35
441000 36
442000 36
443000 36
444000 36
445000 37
446000 39
447000 39
448000 39
449000 40
450000 42
451000 43
452000 43
453000 44
454000 45
455000 45
456000 45
457000 45
458000 46
459000 46
460000 47
461000 47
462000 47
463000 48
464000 49
465000 49
466000 49
467000 49
468000 52
469000 53
470000 55
471000 55
472000 55
473000 56
474000 56
475000 56
476000 56
477000 56
478000 56
479000 56
480000 56
481000 56
482000 56
483000 56
484000 56
485000 56
486000 56
487000 57
488000 57
489000 57
490000 57
491000 57
492000 57
493000 57
494000 57
495000 57
496000 57
497000 57
498000 57
499000 57
500000 57
501000 57
502000 57
503000 57
504000 57
505000 57
506000 57
507000 57
508000 57
509000 57
510000 57
511000 57
512000 57
513000 57
514000 57
515000 57
516000 57
517000 57
518000 57
519000 57
520000 57
521000 57
522000 57
523000 57
524000 57
525000 57
526000 57
527000 57
528000 57
529000 57
530000 57
531000 57
532000 57
533000 57
534000 57
535000 57
536000 57
537000 57
538000 57
539000 57
540000 57
541000 57
542000 57
543000 57
544000 57
545000 57
546000 57
547000 57
548000 57
549000 57
550000 57
551000 57
552000 57
553000 57
554000 57
555000 57
556000 57
557000 57
558000 57
559000 57
560000 57
561000 57
562000 57
563000 57
564000 57
565000 57
566000 57
567000 57
568000 57
569000 57
570000 57
571000 57
572000 58
573000 58
574000 58
575000 58
576000 58
577000 58
578000 58
579000 58
580000 58
581000 58
582000 58
583000 58
584000 58
585000 58
586000 58
587000 58
588000 58
589000 58
590000 58
591000 58
592000 58
593000 58
594000 58
595000 58
596000 58
597000 58
598000 58
599000 58
600000 58
601000 58
602000 58
603000 58
604000 58
605000 58
606000 58
607000 58
608000 58
609000 58
610000 59
611000 59
612000 59
613000 59
614000 59
615000 59
616000 59
617000 59
618000 59
619000 59
620000 60
621000 60
622000 60
623000 61
624000 61
625000 61
626000 61
627000 61
628000 61
629000 62
630000 62
631000 62
632000 62
633000 62
634000 62
635000 62
636000 62
637000 62
638000 62
639000 62
640000 62
641000 62
642000 62
643000 62
644000 62
645000 62
646000 62
647000 63
648000 63
649000 63
650000 63
651000 63
652000 63
653000 63
654000 63
655000 63
656000 63
657000 63
658000 63
659000 63
660000 63
661000 63
662000 63
663000 63
664000 63
665000 63
666000 64
667000 64
668000 64
669000 64
670000 64
671000 64
672000 64
673000 64
674000 64
675000 64
676000 64
677000 64
678000 64
679000 64
680000 64
681000 64
682000 64
683000 64
684000 64
685000 64
686000 64
687000 64
688000 64
689000 64
690000 64
691000 64
692000 64
693000 64
694000 65
695000 65
696000 65
697000 65
698000 65
699000 65
700000 65
701000 65
702000 65
703000 65
704000 65
705000 65
706000 65
707000 65
708000 65
709000 65
710000 65
711000 65
712000 65
713000 65
714000 65
715000 65
716000 65
717000 65
718000 65
719000 65
720000 65
721000 65
722000 65
723000 65
724000 65
725000 65
726000 65
727000 65
728000 65
729000 65
730000 65
731000 65
732000 65
733000 65
734000 65
735000 65
736000 65
737000 65
738000 65
739000 65
740000 65
741000 65
742000 65
743000 65
744000 65
745000 65
746000 65
747000 65
748000 65
749000 65
750000 65
751000 65
752000 65
753000 65
754000 65
755000 65
756000 65
757000 65
758000 65
759000 65
760000 65
761000 65
762000 65
763000 65
764000 65
765000 65
766000 65
767000 65
768000 65
769000 65
770000 65
771000 65
772000 65
773000 65
774000 65
775000 65
776000 65
777000 65
778000 65
779000 65
780000 65
781000 65
782000 65
783000 65
784000 65
785000 65
786000 65
787000 65
788000 65
789000 65
790000 65
791000 65
792000 65
793000 65
794000 65
795000 65
796000 66
797000 66
798000 66
799000 66
800000 66
801000 66
802000 66
803000 66
804000 66
805000 66
806000 66
807000 66
808000 66
809000 66
810000 66
811000 66
812000 66
813000 66
814000 66
815000 66
816000 66
817000 66
818000 66
819000 66
820000 66
821000 66
822000 66
823000 66
824000 66
825000 66
826000 66
827000 66
828000 66
829000 66
830000 66
831000 66
832000 66
833000 66
834000 66
835000 66
836000 66
837000 66
838000 66
839000 66
840000 66
841000 66
842000 66
843000 66
844000 66
845000 66
846000 66
847000 66
848000 66
849000 66
850000 66
851000 66
852000 66
853000 66
854000 66
855000 66
856000 66
857000 66
858000 66
859000 66
860000 66
861000 66
862000 66
863000 66
864000 66
865000 66
866000 66
867000 66
868000 66
869000 66
870000 66
871000 66
872000 66
873000 66
874000 66
875000 66
876000 66
877000 66
878000 66
879000 66
880000 66
881000 66
882000 66
883000 66
884000 66
885000 66
886000 66
887000 66
888000 66
889000 66
890000 66
891000 66
892000 66
893000 66
894000 66
895000 66
896000 66
897000 66
898000 66
899000 66
900000 66
901000 66
902000 66
903000 66
904000 66
905000 66
906000 66
907000 66
908000 66
909000 66
910000 66
911000 66
912000 66
913000 66
914000 66
915000 66
916000 66
917000 66
918000 66
919000 66
920000 66
921000 66
922000 66
923000 66
924000 66
925000 66
926000 66
927000 66
928000 66
929000 66
930000 66
931000 66
932000 66
933000 66
934000 66
935000 66
936000 66
937000 66
938000 66
939000 66
940000 66
941000 66
942000 66
943000 66
944000 66
945000 66
946000 66
947000 66
948000 66
949000 66
950000 66
951000 66
952000 66
953000 66
954000 66
955000 66
956000 66
957000 66
958000 66
959000 66
960000 66
961000 66
962000 66
963000 66
964000 67
965000 68
966000 68
967000 68
968000 68
969000 68
970000 68
971000 68
972000 68
973000 68
974000 68
975000 68
976000 68
977000 68
978000 68
979000 68
980000 68
981000 68
982000 68
983000 68
984000 69
985000 69
986000 69
987000 69
988000 69
989000 69
990000 69
991000 69
992000 69
993000 69
994000 69
995000 69
996000 69
997000 69
998000 69
999000 69
1000000 69
1001000 69
1002000 69
1003000 69
1004000 69
1005000 69
1006000 69
1007000 69
1008000 69
1009000 69
1010000 69
1011000 69
1012000 69
1013000 69
1014000 69
1015000 69
1016000 69
1017000 69
1018000 69
1019000 69
1020000 69
1021000 69
1022000 69
1023000 69
1024000 69
1025000 69
1026000 69
1027000 69
1028000 69
1029000 69
1030000 69
1031000 69
1032000 69
1033000 69
1034000 69
1035000 69
1036000 69
1037000 69
1038000 69
1039000 69
1040000 69
1041000 69
1042000 69
1043000 69
1044000 69
1045000 69
1046000 69
1047000 69
1048000 69
1049000 69
1050000 69
1051000 69
1052000 69
1053000 69
1054000 69
1055000 69
1056000 69
1057000 69
1058000 69
1059000 69
1060000 69
1061000 69
1062000 69
1063000 69
1064000 69
1065000 69
1066000 69
1067000 69
1068000 69
1069000 70
1070000 70
1071000 70
1072000 70
1073000 70
1074000 70
1075000 70
1076000 70
1077000 70
1078000 70
1079000 70
1080000 70
1081000 70
1082000 70
1083000 70
1084000 70
1085000 70
1086000 70
1087000 70
1088000 70
1089000 70
1090000 70
1091000 70
1092000 70
1093000 70
1094000 70
1095000 70
1096000 70
1097000 70
1098000 70
1099000 70
1100000 70
1101000 70
1102000 70
1103000 70
1104000 70
1105000 70
1106000 70
1107000 70
1108000 70
1109000 70
1110000 70
1111000 70
1112000 70
1113000 70
1114000 70
1115000 70
1116000 70
1117000 70
1118000 70
1119000 70
1120000 70
1121000 70
1122000 70
1123000 70
1124000 70
1125000 70
1126000 70
1127000 70
1128000 70
1129000 70
1130000 70
1131000 70
1132000 70
1133000 70
1134000 70
1135000 70
1136000 70
1137000 70
1138000 70
1139000 70
1140000 70
1141000 70
1142000 71
1143000 71
1144000 71
1145000 71
1146000 72
1147000 72
1148000 72
1149000 72
1150000 72
1151000 72
1152000 72
1153000 72
1154000 72
1155000 72
1156000 72
1157000 72
1158000 72
1159000 72
1160000 72
1161000 72
1162000 72
1163000 72
1164000 72
1165000 72
1166000 72
1167000 72
1168000 72
1169000 72
1170000 73
1171000 73
1172000 73
1173000 73
1174000 73
1175000 73
1176000 73
1177000 73
1178000 73
1179000 73
1180000 73
1181000 73
1182000 73
1183000 73
1184000 73
1185000 73
1186000 73
1187000 73
1188000 73
1189000 73
1190000 73
1191000 73
1192000 73
1193000 73
1194000 73
1195000 73
1196000 73
1197000 73
1198000 73
1199000 73
1200000 73
1201000 73
1202000 73
1203000 73
1204000 73
1205000 73
1206000 73
1207000 73
1208000 73
1209000 73
1210000 73
1211000 73
1212000 73
1213000 73
1214000 73
1215000 73
1216000 73
1217000 73
1218000 73
1219000 73
1220000 73
1221000 73
1222000 73
1223000 73
1224000 73
1225000 73
1226000 73
1227000 73
1228000 73
1229000 73
1230000 73
1231000 73
1232000 73
1233000 73
1234000 73
1235000 73
1236000 73
1237000 73
1238000 73
1239000 73
1240000 73
1241000 73
1242000 73
1243000 73
1244000 73
1245000 73
1246000 73
1247000 73
1248000 73
1249000 73
1250000 73
1251000 73
1252000 73
1253000 73
1254000 73
1255000 73
1256000 73
1257000 73
1258000 73
1259000 73
1260000 73
1261000 73
1262000 73
1263000 73
1264000 73
1265000 73
1266000 73
1267000 73
1268000 73
1269000 73
1270000 73
1271000 73
1272000 73
1273000 73
1274000 73
1275000 73
1276000 73
1277000 73
1278000 73
1279000 73
1280000 73
1281000 73
1282000 73
1283000 73
1284000 73
1285000 73
1286000 73
1287000 73
1288000 73
1289000 73
1290000 73
1291000 73
1292000 73
1293000 73
1294000 73
1295000 73
1296000 73
1297000 73
1298000 73
1299000 73
1300000 73
1301000 73
1302000 73
1303000 73
1304000 73
1305000 73
1306000 73
1307000 73
1308000 73
1309000 73
1310000 73
1311000 73
1312000 73
1313000 73
1314000 73
1315000 73
1316000 73
1317000 73
1318000 73
1319000 73
1320000 73
1321000 73
1322000 73
1323000 73
1324000 73
1325000 73
1326000 73
1327000 73
1328000 73
1329000 73
1330000 73
1331000 73
1332000 73
1333000 73
1334000 73
1335000 73
1336000 73
1337000 73
1338000 73
1339000 73
1340000 73
1341000 73
1342000 73
1343000 73
1344000 73
1345000 73
1346000 73
1347000 73
1348000 73
1349000 73
1350000 73
1351000 73
1352000 73
1353000 73
1354000 73
1355000 73
1356000 73
1357000 73
1358000 73
1359000 73
1360000 73
1361000 73
1362000 73
1363000 73
1364000 73
1365000 73
1366000 73
1367000 73
1368000 73
1369000 73
1370000 73
1371000 73
1372000 73
1373000 73
1374000 73
1375000 73
1376000 73
1377000 73
1378000 73
1379000 73
1380000 73
1381000 73
1382000 73
1383000 73
1384000 73
1385000 73
1386000 73
1387000 73
1388000 73
1389000 73
1390000 73
1391000 73
1392000 73
1393000 73
1394000 73
1395000 73
1396000 73
1397000 73
1398000 73
1399000 73
1400000 73
1401000 73
1402000 73
1403000 73
1404000 73
1405000 73
1406000 73
1407000 74
1408000 74
1409000 74
1410000 74
1411000 74
1412000 74
1413000 75
1414000 75
1415000 75
1416000 75
1417000 75
1418000 75
1419000 75
1420000 75
1421000 75
1422000 75
1423000 75
1424000 75
1425000 75
1426000 75
1427000 75
1428000 75
1429000 75
1430000 75
1431000 75
1432000 75
1433000 75
1434000 75
1435000 75
1436000 75
1437000 75
1438000 75
1439000 75
1440000 75
1441000 75
1442000 75
1443000 75
1444000 75
1445000 75
1446000 75
1447000 75
1448000 75
1449000 75
1450000 75
1451000 75
1452000 75
1453000 75
1454000 75
1455000 75
1456000 75
1457000 75
1458000 75
1459000 75
1460000 75
1461000 75
1462000 75
1463000 75
1464000 75
1465000 75
1466000 75
1467000 75
1468000 75
1469000 75
1470000 75
1471000 75
1472000 75
1473000 75
1474000 75
1475000 75
1476000 75
1477000 75
1478000 75
1479000 75
1480000 75
1481000 75
1482000 75
1483000 75
1484000 75
1485000 75
1486000 75
1487000 75
1488000 75
1489000 75
1490000 75
1491000 75
1492000 75
1493000 75
1494000 75
1495000 75
1496000 75
1497000 75
1498000 75
1499000 75
1500000 75
1501000 75
1502000 75
1503000 75
1504000 75
1505000 75
1506000 75
1507000 75
1508000 75
1509000 75
1510000 75
1511000 75
1512000 75
1513000 75
1514000 75
1515000 75
1516000 75
1517000 75
1518000 75
1519000 75
1520000 75
1521000 75
1522000 75
1523000 75
1524000 75
1525000 75
1526000 75
1527000 75
1528000 75
1529000 75
1530000 75
1531000 75
1532000 75
1533000 75
1534000 75
1535000 75
1536000 75
1537000 75
1538000 75
1539000 75
1540000 75
1541000 75
1542000 75
1543000 75
1544000 75
1545000 75
1546000 75
1547000 75
1548000 76
1549000 76
1550000 76
1551000 76
1552000 76
1553000 76
1554000 76
1555000 76
1556000 76
1557000 76
1558000 76
1559000 76
1560000 76
1561000 76
1562000 76
1563000 76
1564000 76
1565000 76
1566000 76
1567000 76
1568000 76
1569000 76
1570000 76
1571000 76
1572000 76
1573000 76
1574000 76
1575000 76
1576000 77
1577000 77
1578000 77
1579000 77
1580000 77
1581000 77
1582000 77
1583000 77
1584000 77
1585000 77
1586000 77
1587000 77
1588000 77
1589000 77
1590000 77
1591000 77
1592000 77
1593000 77
1594000 77
1595000 77
1596000 77
1597000 77
1598000 77
1599000 77
1600000 77
1601000 77
1602000 77
1603000 77
1604000 77
1605000 77
1606000 77
1607000 77
1608000 77
1609000 77
1610000 77
1611000 77
1612000 77
1613000 77
1614000 77
1615000 77
1616000 77
1617000 77
1618000 77
1619000 77
1620000 77
1621000 77
1622000 77
1623000 77
1624000 77
1625000 77
1626000 77
1627000 77
1628000 77
1629000 77
1630000 77
1631000 77
1632000 77
1633000 77
1634000 77
1635000 77
1636000 77
1637000 77
1638000 77
1639000 77
1640000 77
1641000 77
1642000 77
1643000 77
1644000 77
1645000 77
1646000 77
1647000 77
1648000 77
1649000 77
1650000 77
1651000 77
1652000 77
1653000 77
1654000 77
1655000 77
1656000 77
1657000 77
1658000 77
1659000 77
1660000 77
1661000 77
1662000 77
1663000 77
1664000 77
1665000 77
1666000 77
1667000 77
1668000 77
1669000 77
1670000 77
1671000 77
1672000 77
1673000 77
1674000 77
1675000 77
1676000 77
1677000 77
1678000 77
1679000 77
1680000 77
1681000 77
1682000 77
1683000 77
1684000 77
1685000 77
1686000 77
1687000 77
1688000 77
1689000 77
1690000 77
1691000 77
1692000 77
1693000 77
1694000 77
1695000 77
1696000 77
1697000 77
1698000 77
1699000 77
1700000 77
1701000 77
1702000 77
1703000 77
1704000 77
1705000 77
1706000 77
1707000 77
1708000 77
1709000 77
1710000 77
1711000 77
1712000 77
1713000 77
1714000 77
1715000 77
1716000 77
1717000 77
1718000 77
1719000 77
1720000 77
1721000 77
1722000 77
1723000 77
1724000 77
1725000 77
1726000 77
1727000 77
1728000 77
1729000 77
1730000 77
1731000 77
1732000 77
1733000 77
1734000 77
1735000 77
1736000 77
1737000 77
1738000 77
1739000 77
1740000 77
1741000 77
1742000 77
1743000 77
1744000 77
1745000 77
1746000 77
1747000 77
1748000 77
1749000 77
1750000 77
1751000 77
1752000 77
1753000 77
1754000 77
1755000 77
1756000 77
1757000 77
1758000 77
1759000 77
1760000 77
1761000 77
1762000 77
1763000 77
1764000 77
1765000 77
1766000 77
1767000 77
1768000 78
1769000 78
1770000 78
1771000 78
1772000 78
1773000 78
1774000 78
1775000 78
1776000 78
1777000 78
1778000 78
1779000 78
1780000 78
1781000 78
1782000 78
1783000 78
1784000 78
1785000 78
1786000 78
1787000 78
1788000 78
1789000 78
1790000 78
1791000 78
1792000 78
1793000 78
1794000 78
1795000 78
1796000 78
1797000 78
1798000 78
1799000 78
1800000 78
1801000 78
1802000 78
1803000 78
1804000 78
1805000 78
1806000 78
1807000 78
1808000 78
1809000 78
1810000 79
1811000 79
1812000 79
1813000 79
1814000 79
1815000 79
1816000 79
1817000 79
1818000 79
1819000 79
1820000 79
1821000 79
1822000 79
1823000 79
1824000 79
1825000 79
1826000 79
1827000 79
1828000 79
1829000 79
1830000 79
1831000 79
1832000 79
1833000 79
1834000 79
1835000 79
1836000 79
1837000 79
1838000 79
1839000 79
1840000 79
1841000 79
1842000 79
1843000 79
1844000 79
1845000 79
1846000 79
1847000 79
1848000 79
1849000 79
1850000 79
1851000 79
1852000 79
1853000 79
1854000 79
1855000 79
1856000 79
1857000 79
1858000 79
1859000 79
1860000 79
1861000 79
1862000 79
1863000 79
1864000 79
1865000 79
1866000 79
1867000 79
1868000 79
1869000 79
1870000 79
1871000 79
1872000 79
1873000 79
1874000 79
1875000 79
1876000 79
1877000 79
1878000 79
1879000 79
1880000 79
1881000 79
1882000 79
1883000 79
1884000 79
1885000 79
1886000 79
1887000 79
1888000 79
1889000 79
1890000 79
1891000 79
1892000 79
1893000 79
1894000 79
1895000 79
1896000 79
1897000 79
1898000 79
1899000 79
1900000 79
1901000 79
1902000 79
1903000 79
1904000 79
1905000 79
1906000 79
1907000 79
1908000 79
1909000 79
1910000 79
1911000 79
1912000 79
1913000 79
1914000 79
1915000 79
1916000 79
1917000 79
1918000 79
1919000 79
1920000 79
1921000 79
1922000 79
1923000 79
1924000 79
1925000 79
1926000 79
1927000 79
1928000 79
1929000 79
1930000 79
1931000 79
1932000 79
1933000 79
1934000 79
1935000 79
1936000 79
1937000 79
1938000 79
1939000 79
1940000 79
1941000 79
1942000 79
1943000 79
1944000 79
1945000 79
1946000 79
1947000 79
1948000 79
1949000 79
1950000 79
1951000 79
1952000 79
1953000 79
1954000 79
1955000 79
1956000 79
1957000 79
1958000 79
1959000 79
1960000 79
1961000 79
1962000 79
1963000 79
1964000 79
1965000 79
1966000 79
1967000 79
1968000 79
1969000 79
1970000 79
1971000 79
1972000 79
1973000 79
1974000 79
1975000 79
1976000 79
1977000 79
1978000 79
1979000 79
1980000 79
1981000 79
1982000 79
1983000 79
1984000 79
1985000 79
1986000 79
1987000 79
1988000 79
1989000 79
1990000 79
1991000 79
1992000 79
1993000 79
1994000 79
1995000 79
1996000 79
1997000 79
1998000 79
1999000 79
2000000 79
